Sample	0	1	2	3	4	5	6	7	8	9	10	11	12	13	14	15	16	17	18	19	20	21	22	23	24	25	26	27	28	29	30	31	32	33	34	35	36
SRR3666996_1	(14.0, 1.0)	(15.0, 7.0)	(16.0, 29.0)	(17.0, 46.0)	(18.0, 71.0)	(19.0, 79.0)	(20.0, 154.0)	(21.0, 301.0)	(22.0, 551.0)	(23.0, 846.0)	(24.0, 1102.0)	(25.0, 1346.0)	(26.0, 1701.0)	(27.0, 2050.0)	(28.0, 2466.0)	(29.0, 3083.0)	(30.0, 3599.0)	(31.0, 4568.0)	(32.0, 5817.0)	(33.0, 7701.0)	(34.0, 11053.0)	(35.0, 16909.0)	(36.0, 30059.0)	(37.0, 20896.0)													
SRR3666996_2	(11.0, 1.0)	(12.0, 7.0)	(13.0, 39.0)	(14.0, 58.0)	(15.0, 99.0)	(16.0, 178.0)	(17.0, 268.0)	(18.0, 370.0)	(19.0, 461.0)	(20.0, 579.0)	(21.0, 790.0)	(22.0, 981.0)	(23.0, 1342.0)	(24.0, 1927.0)	(25.0, 2782.0)	(26.0, 3597.0)	(27.0, 4870.0)	(28.0, 6400.0)	(29.0, 8461.0)	(30.0, 10537.0)	(31.0, 13237.0)	(32.0, 15770.0)	(33.0, 17675.0)	(34.0, 15914.0)	(35.0, 7456.0)	(36.0, 635.0)	(37.0, 1.0)										
SRR3666997_1	(14.0, 1.0)	(15.0, 8.0)	(16.0, 22.0)	(17.0, 23.0)	(18.0, 42.0)	(19.0, 49.0)	(20.0, 92.0)	(21.0, 169.0)	(22.0, 235.0)	(23.0, 343.0)	(24.0, 449.0)	(25.0, 539.0)	(26.0, 688.0)	(27.0, 899.0)	(28.0, 1031.0)	(29.0, 1222.0)	(30.0, 1525.0)	(31.0, 1864.0)	(32.0, 2414.0)	(33.0, 3149.0)	(34.0, 4593.0)	(35.0, 7016.0)	(36.0, 12422.0)	(37.0, 8877.0)													
SRR3666997_2	(12.0, 6.0)	(13.0, 16.0)	(14.0, 13.0)	(15.0, 36.0)	(16.0, 58.0)	(17.0, 102.0)	(18.0, 165.0)	(19.0, 190.0)	(20.0, 202.0)	(21.0, 308.0)	(22.0, 372.0)	(23.0, 483.0)	(24.0, 720.0)	(25.0, 1043.0)	(26.0, 1395.0)	(27.0, 1931.0)	(28.0, 2385.0)	(29.0, 3320.0)	(30.0, 4216.0)	(31.0, 5380.0)	(32.0, 6483.0)	(33.0, 7498.0)	(34.0, 7298.0)	(35.0, 3689.0)	(36.0, 363.0)												
SRR3666998_1	(15.0, 1.0)	(16.0, 1.0)	(17.0, 0.0)	(18.0, 5.0)	(19.0, 15.0)	(20.0, 54.0)	(21.0, 107.0)	(22.0, 172.0)	(23.0, 300.0)	(24.0, 492.0)	(25.0, 793.0)	(26.0, 1272.0)	(27.0, 1870.0)	(28.0, 1934.0)	(29.0, 2365.0)	(30.0, 2863.0)	(31.0, 3651.0)	(32.0, 4632.0)	(33.0, 5830.0)	(34.0, 8020.0)	(35.0, 12664.0)	(36.0, 29652.0)	(37.0, 157751.0)	(38.0, 22286.0)													
SRR3666998_2	(13.0, 1.0)	(14.0, 1.0)	(15.0, 43.0)	(16.0, 272.0)	(17.0, 537.0)	(18.0, 421.0)	(19.0, 244.0)	(20.0, 334.0)	(21.0, 458.0)	(22.0, 669.0)	(23.0, 1073.0)	(24.0, 1570.0)	(25.0, 1709.0)	(26.0, 1616.0)	(27.0, 1709.0)	(28.0, 1853.0)	(29.0, 2390.0)	(30.0, 2860.0)	(31.0, 3829.0)	(32.0, 4881.0)	(33.0, 6481.0)	(34.0, 9044.0)	(35.0, 14200.0)	(36.0, 26406.0)	(37.0, 116766.0)	(38.0, 57363.0)											
SRR3666999_1	(15.0, 1.0)	(16.0, 2.0)	(17.0, 3.0)	(18.0, 6.0)	(19.0, 7.0)	(20.0, 31.0)	(21.0, 81.0)	(22.0, 100.0)	(23.0, 152.0)	(24.0, 275.0)	(25.0, 391.0)	(26.0, 556.0)	(27.0, 733.0)	(28.0, 880.0)	(29.0, 1121.0)	(30.0, 1385.0)	(31.0, 1797.0)	(32.0, 2243.0)	(33.0, 2969.0)	(34.0, 4334.0)	(35.0, 6950.0)	(36.0, 18123.0)	(37.0, 110210.0)	(38.0, 9863.0)													
SRR3666999_2	(14.0, 2.0)	(15.0, 6.0)	(16.0, 56.0)	(17.0, 156.0)	(18.0, 182.0)	(19.0, 135.0)	(20.0, 148.0)	(21.0, 157.0)	(22.0, 206.0)	(23.0, 280.0)	(24.0, 326.0)	(25.0, 442.0)	(26.0, 547.0)	(27.0, 661.0)	(28.0, 811.0)	(29.0, 966.0)	(30.0, 1214.0)	(31.0, 1616.0)	(32.0, 2063.0)	(33.0, 2827.0)	(34.0, 3811.0)	(35.0, 6147.0)	(36.0, 11890.0)	(37.0, 69154.0)	(38.0, 58410.0)												
SRR3667000_1	(2.0, 3.0)	(3.0, 0.0)	(4.0, 0.0)	(5.0, 0.0)	(6.0, 0.0)	(7.0, 0.0)	(8.0, 0.0)	(9.0, 0.0)	(10.0, 0.0)	(11.0, 0.0)	(12.0, 0.0)	(13.0, 0.0)	(14.0, 0.0)	(15.0, 3.0)	(16.0, 1.0)	(17.0, 1.0)	(18.0, 5.0)	(19.0, 17.0)	(20.0, 41.0)	(21.0, 103.0)	(22.0, 134.0)	(23.0, 233.0)	(24.0, 359.0)	(25.0, 516.0)	(26.0, 734.0)	(27.0, 917.0)	(28.0, 1143.0)	(29.0, 1422.0)	(30.0, 1742.0)	(31.0, 2225.0)	(32.0, 2988.0)	(33.0, 3797.0)	(34.0, 5507.0)	(35.0, 8818.0)	(36.0, 20385.0)	(37.0, 138394.0)	(38.0, 32121.0)
SRR3667000_2	(2.0, 3.0)	(3.0, 0.0)	(4.0, 0.0)	(5.0, 0.0)	(6.0, 0.0)	(7.0, 0.0)	(8.0, 0.0)	(9.0, 0.0)	(10.0, 0.0)	(11.0, 0.0)	(12.0, 0.0)	(13.0, 0.0)	(14.0, 3.0)	(15.0, 27.0)	(16.0, 161.0)	(17.0, 333.0)	(18.0, 316.0)	(19.0, 331.0)	(20.0, 428.0)	(21.0, 569.0)	(22.0, 719.0)	(23.0, 874.0)	(24.0, 1017.0)	(25.0, 1221.0)	(26.0, 1435.0)	(27.0, 1633.0)	(28.0, 1962.0)	(29.0, 2188.0)	(30.0, 2674.0)	(31.0, 3362.0)	(32.0, 4330.0)	(33.0, 5464.0)	(34.0, 7485.0)	(35.0, 11536.0)	(36.0, 22303.0)	(37.0, 97594.0)	(38.0, 53641.0)
SRR3667001_1	(2.0, 2.0)	(3.0, 0.0)	(4.0, 0.0)	(5.0, 0.0)	(6.0, 0.0)	(7.0, 0.0)	(8.0, 0.0)	(9.0, 0.0)	(10.0, 0.0)	(11.0, 0.0)	(12.0, 0.0)	(13.0, 0.0)	(14.0, 0.0)	(15.0, 0.0)	(16.0, 1.0)	(17.0, 0.0)	(18.0, 1.0)	(19.0, 9.0)	(20.0, 20.0)	(21.0, 66.0)	(22.0, 128.0)	(23.0, 168.0)	(24.0, 244.0)	(25.0, 405.0)	(26.0, 510.0)	(27.0, 625.0)	(28.0, 830.0)	(29.0, 989.0)	(30.0, 1218.0)	(31.0, 1585.0)	(32.0, 2139.0)	(33.0, 2790.0)	(34.0, 4135.0)	(35.0, 6293.0)	(36.0, 14863.0)	(37.0, 100626.0)	(38.0, 23199.0)
SRR3667001_2	(2.0, 2.0)	(3.0, 0.0)	(4.0, 0.0)	(5.0, 0.0)	(6.0, 0.0)	(7.0, 0.0)	(8.0, 0.0)	(9.0, 0.0)	(10.0, 0.0)	(11.0, 0.0)	(12.0, 0.0)	(13.0, 1.0)	(14.0, 2.0)	(15.0, 22.0)	(16.0, 102.0)	(17.0, 192.0)	(18.0, 177.0)	(19.0, 117.0)	(20.0, 125.0)	(21.0, 168.0)	(22.0, 221.0)	(23.0, 319.0)	(24.0, 377.0)	(25.0, 485.0)	(26.0, 607.0)	(27.0, 806.0)	(28.0, 872.0)	(29.0, 1084.0)	(30.0, 1280.0)	(31.0, 1651.0)	(32.0, 2141.0)	(33.0, 2743.0)	(34.0, 4113.0)	(35.0, 6462.0)	(36.0, 12463.0)	(37.0, 60871.0)	(38.0, 63443.0)
SRR3667002_1	(19.0, 9.0)	(20.0, 17.0)	(21.0, 34.0)	(22.0, 59.0)	(23.0, 88.0)	(24.0, 134.0)	(25.0, 243.0)	(26.0, 352.0)	(27.0, 499.0)	(28.0, 701.0)	(29.0, 860.0)	(30.0, 1169.0)	(31.0, 1411.0)	(32.0, 1778.0)	(33.0, 2444.0)	(34.0, 3348.0)	(35.0, 5186.0)	(36.0, 11819.0)	(37.0, 70907.0)	(38.0, 22762.0)																	
SRR3667002_2	(14.0, 1.0)	(15.0, 6.0)	(16.0, 62.0)	(17.0, 156.0)	(18.0, 150.0)	(19.0, 92.0)	(20.0, 85.0)	(21.0, 175.0)	(22.0, 182.0)	(23.0, 240.0)	(24.0, 359.0)	(25.0, 403.0)	(26.0, 478.0)	(27.0, 615.0)	(28.0, 783.0)	(29.0, 924.0)	(30.0, 1209.0)	(31.0, 1529.0)	(32.0, 2039.0)	(33.0, 2766.0)	(34.0, 3961.0)	(35.0, 6246.0)	(36.0, 12597.0)	(37.0, 66658.0)	(38.0, 22104.0)												
SRR3667003_1	(19.0, 4.0)	(20.0, 17.0)	(21.0, 43.0)	(22.0, 63.0)	(23.0, 98.0)	(24.0, 153.0)	(25.0, 232.0)	(26.0, 325.0)	(27.0, 488.0)	(28.0, 575.0)	(29.0, 772.0)	(30.0, 998.0)	(31.0, 1347.0)	(32.0, 1670.0)	(33.0, 2324.0)	(34.0, 3328.0)	(35.0, 5274.0)	(36.0, 11698.0)	(37.0, 72844.0)	(38.0, 22725.0)																	
SRR3667003_2	(15.0, 8.0)	(16.0, 59.0)	(17.0, 187.0)	(18.0, 178.0)	(19.0, 134.0)	(20.0, 118.0)	(21.0, 117.0)	(22.0, 129.0)	(23.0, 192.0)	(24.0, 266.0)	(25.0, 329.0)	(26.0, 435.0)	(27.0, 492.0)	(28.0, 601.0)	(29.0, 800.0)	(30.0, 1065.0)	(31.0, 1400.0)	(32.0, 1842.0)	(33.0, 2544.0)	(34.0, 3715.0)	(35.0, 6126.0)	(36.0, 12186.0)	(37.0, 60108.0)	(38.0, 31947.0)													
SRR3667004_1	(18.0, 6.0)	(19.0, 11.0)	(20.0, 28.0)	(21.0, 92.0)	(22.0, 164.0)	(23.0, 269.0)	(24.0, 451.0)	(25.0, 709.0)	(26.0, 1090.0)	(27.0, 1550.0)	(28.0, 1838.0)	(29.0, 2202.0)	(30.0, 2830.0)	(31.0, 3693.0)	(32.0, 4622.0)	(33.0, 5849.0)	(34.0, 8244.0)	(35.0, 12692.0)	(36.0, 28475.0)	(37.0, 163602.0)	(38.0, 23894.0)																
SRR3667004_2	(14.0, 2.0)	(15.0, 51.0)	(16.0, 277.0)	(17.0, 561.0)	(18.0, 419.0)	(19.0, 373.0)	(20.0, 525.0)	(21.0, 665.0)	(22.0, 995.0)	(23.0, 1369.0)	(24.0, 2180.0)	(25.0, 2692.0)	(26.0, 2545.0)	(27.0, 2479.0)	(28.0, 2695.0)	(29.0, 3269.0)	(30.0, 3917.0)	(31.0, 4848.0)	(32.0, 6097.0)	(33.0, 7903.0)	(34.0, 10675.0)	(35.0, 16448.0)	(36.0, 30962.0)	(37.0, 121360.0)	(38.0, 39004.0)												
SRR3667005_1	(2.0, 26.0)	(3.0, 0.0)	(4.0, 0.0)	(5.0, 0.0)	(6.0, 0.0)	(7.0, 0.0)	(8.0, 0.0)	(9.0, 0.0)	(10.0, 0.0)	(11.0, 0.0)	(12.0, 0.0)	(13.0, 0.0)	(14.0, 0.0)	(15.0, 0.0)	(16.0, 0.0)	(17.0, 1.0)	(18.0, 0.0)	(19.0, 8.0)	(20.0, 17.0)	(21.0, 41.0)	(22.0, 70.0)	(23.0, 109.0)	(24.0, 179.0)	(25.0, 240.0)	(26.0, 330.0)	(27.0, 446.0)	(28.0, 554.0)	(29.0, 663.0)	(30.0, 853.0)	(31.0, 1114.0)	(32.0, 1391.0)	(33.0, 1853.0)	(34.0, 2747.0)	(35.0, 4077.0)	(36.0, 8870.0)	(37.0, 61389.0)	(38.0, 11594.0)
SRR3667005_2	(2.0, 22.0)	(3.0, 0.0)	(4.0, 0.0)	(5.0, 0.0)	(6.0, 0.0)	(7.0, 0.0)	(8.0, 0.0)	(9.0, 0.0)	(10.0, 0.0)	(11.0, 0.0)	(12.0, 0.0)	(13.0, 0.0)	(14.0, 1.0)	(15.0, 11.0)	(16.0, 54.0)	(17.0, 107.0)	(18.0, 89.0)	(19.0, 110.0)	(20.0, 149.0)	(21.0, 172.0)	(22.0, 199.0)	(23.0, 246.0)	(24.0, 296.0)	(25.0, 409.0)	(26.0, 432.0)	(27.0, 568.0)	(28.0, 633.0)	(29.0, 732.0)	(30.0, 877.0)	(31.0, 1135.0)	(32.0, 1475.0)	(33.0, 1983.0)	(34.0, 2634.0)	(35.0, 4134.0)	(36.0, 8321.0)	(37.0, 50201.0)	(38.0, 21582.0)
SRR3667006_1	(18.0, 2.0)	(19.0, 5.0)	(20.0, 10.0)	(21.0, 35.0)	(22.0, 46.0)	(23.0, 94.0)	(24.0, 151.0)	(25.0, 217.0)	(26.0, 327.0)	(27.0, 447.0)	(28.0, 557.0)	(29.0, 723.0)	(30.0, 890.0)	(31.0, 1116.0)	(32.0, 1653.0)	(33.0, 2072.0)	(34.0, 2878.0)	(35.0, 4520.0)	(36.0, 10202.0)	(37.0, 64689.0)	(38.0, 16702.0)																
SRR3667006_2	(14.0, 1.0)	(15.0, 6.0)	(16.0, 56.0)	(17.0, 95.0)	(18.0, 108.0)	(19.0, 87.0)	(20.0, 88.0)	(21.0, 112.0)	(22.0, 143.0)	(23.0, 213.0)	(24.0, 338.0)	(25.0, 398.0)	(26.0, 470.0)	(27.0, 489.0)	(28.0, 609.0)	(29.0, 728.0)	(30.0, 879.0)	(31.0, 1178.0)	(32.0, 1532.0)	(33.0, 2049.0)	(34.0, 2953.0)	(35.0, 4623.0)	(36.0, 9126.0)	(37.0, 43010.0)	(38.0, 38045.0)												
SRR3667007_1	(15.0, 2.0)	(16.0, 0.0)	(17.0, 2.0)	(18.0, 3.0)	(19.0, 16.0)	(20.0, 30.0)	(21.0, 66.0)	(22.0, 123.0)	(23.0, 199.0)	(24.0, 316.0)	(25.0, 466.0)	(26.0, 630.0)	(27.0, 786.0)	(28.0, 1058.0)	(29.0, 1254.0)	(30.0, 1603.0)	(31.0, 2010.0)	(32.0, 2597.0)	(33.0, 3483.0)	(34.0, 4894.0)	(35.0, 7776.0)	(36.0, 17619.0)	(37.0, 125452.0)	(38.0, 28351.0)													
SRR3667007_2	(14.0, 2.0)	(15.0, 13.0)	(16.0, 131.0)	(17.0, 251.0)	(18.0, 228.0)	(19.0, 157.0)	(20.0, 185.0)	(21.0, 210.0)	(22.0, 286.0)	(23.0, 345.0)	(24.0, 426.0)	(25.0, 604.0)	(26.0, 786.0)	(27.0, 907.0)	(28.0, 1027.0)	(29.0, 1282.0)	(30.0, 1447.0)	(31.0, 1810.0)	(32.0, 2352.0)	(33.0, 3218.0)	(34.0, 4650.0)	(35.0, 7181.0)	(36.0, 14243.0)	(37.0, 80727.0)	(38.0, 76268.0)												
SRR3667008_1	(15.0, 6.0)	(16.0, 22.0)	(17.0, 53.0)	(18.0, 45.0)	(19.0, 82.0)	(20.0, 120.0)	(21.0, 237.0)	(22.0, 388.0)	(23.0, 566.0)	(24.0, 734.0)	(25.0, 979.0)	(26.0, 1235.0)	(27.0, 1540.0)	(28.0, 1932.0)	(29.0, 2329.0)	(30.0, 2865.0)	(31.0, 3478.0)	(32.0, 4395.0)	(33.0, 5939.0)	(34.0, 8461.0)	(35.0, 13094.0)	(36.0, 24613.0)	(37.0, 22730.0)														
SRR3667008_2	(12.0, 8.0)	(13.0, 48.0)	(14.0, 63.0)	(15.0, 95.0)	(16.0, 130.0)	(17.0, 182.0)	(18.0, 255.0)	(19.0, 329.0)	(20.0, 391.0)	(21.0, 462.0)	(22.0, 695.0)	(23.0, 831.0)	(24.0, 1233.0)	(25.0, 1627.0)	(26.0, 2212.0)	(27.0, 2990.0)	(28.0, 4117.0)	(29.0, 5636.0)	(30.0, 7238.0)	(31.0, 9508.0)	(32.0, 12694.0)	(33.0, 16366.0)	(34.0, 17458.0)	(35.0, 10236.0)	(36.0, 1039.0)												
SRR3667009_1	(30.0, 189545.0)																																				
SRR3667009_2	(30.0, 189545.0)																																				
SRR3667010_1	(2.0, 2.0)	(3.0, 0.0)	(4.0, 0.0)	(5.0, 0.0)	(6.0, 0.0)	(7.0, 0.0)	(8.0, 0.0)	(9.0, 0.0)	(10.0, 0.0)	(11.0, 0.0)	(12.0, 0.0)	(13.0, 0.0)	(14.0, 0.0)	(15.0, 0.0)	(16.0, 0.0)	(17.0, 1.0)	(18.0, 4.0)	(19.0, 9.0)	(20.0, 17.0)	(21.0, 64.0)	(22.0, 92.0)	(23.0, 178.0)	(24.0, 258.0)	(25.0, 422.0)	(26.0, 537.0)	(27.0, 689.0)	(28.0, 871.0)	(29.0, 1079.0)	(30.0, 1412.0)	(31.0, 1783.0)	(32.0, 2239.0)	(33.0, 2839.0)	(34.0, 4015.0)	(35.0, 6274.0)	(36.0, 14816.0)	(37.0, 100746.0)	(38.0, 17188.0)
SRR3667010_2	(2.0, 2.0)	(3.0, 0.0)	(4.0, 0.0)	(5.0, 0.0)	(6.0, 0.0)	(7.0, 0.0)	(8.0, 0.0)	(9.0, 0.0)	(10.0, 0.0)	(11.0, 0.0)	(12.0, 0.0)	(13.0, 0.0)	(14.0, 0.0)	(15.0, 15.0)	(16.0, 76.0)	(17.0, 210.0)	(18.0, 249.0)	(19.0, 188.0)	(20.0, 231.0)	(21.0, 310.0)	(22.0, 408.0)	(23.0, 445.0)	(24.0, 549.0)	(25.0, 702.0)	(26.0, 888.0)	(27.0, 1053.0)	(28.0, 1245.0)	(29.0, 1414.0)	(30.0, 1628.0)	(31.0, 2084.0)	(32.0, 2506.0)	(33.0, 3390.0)	(34.0, 4728.0)	(35.0, 7652.0)	(36.0, 15173.0)	(37.0, 71062.0)	(38.0, 39327.0)
SRR3667011_1	(14.0, 1.0)	(15.0, 1.0)	(16.0, 2.0)	(17.0, 0.0)	(18.0, 2.0)	(19.0, 15.0)	(20.0, 35.0)	(21.0, 63.0)	(22.0, 128.0)	(23.0, 223.0)	(24.0, 368.0)	(25.0, 671.0)	(26.0, 1065.0)	(27.0, 1634.0)	(28.0, 1290.0)	(29.0, 1505.0)	(30.0, 2028.0)	(31.0, 2323.0)	(32.0, 2987.0)	(33.0, 3851.0)	(34.0, 5311.0)	(35.0, 8344.0)	(36.0, 20148.0)	(37.0, 106636.0)	(38.0, 14051.0)												
SRR3667011_2	(2.0, 3.0)	(3.0, 0.0)	(4.0, 0.0)	(5.0, 0.0)	(6.0, 0.0)	(7.0, 0.0)	(8.0, 0.0)	(9.0, 0.0)	(10.0, 0.0)	(11.0, 0.0)	(12.0, 0.0)	(13.0, 0.0)	(14.0, 0.0)	(15.0, 10.0)	(16.0, 102.0)	(17.0, 187.0)	(18.0, 208.0)	(19.0, 152.0)	(20.0, 205.0)	(21.0, 356.0)	(22.0, 597.0)	(23.0, 936.0)	(24.0, 1380.0)	(25.0, 1311.0)	(26.0, 1250.0)	(27.0, 1173.0)	(28.0, 1071.0)	(29.0, 1405.0)	(30.0, 1659.0)	(31.0, 2231.0)	(32.0, 2862.0)	(33.0, 3848.0)	(34.0, 5631.0)	(35.0, 9298.0)	(36.0, 17547.0)	(37.0, 81122.0)	(38.0, 38138.0)
SRR3667012_1	(13.0, 1.0)	(14.0, 1.0)	(15.0, 2.0)	(16.0, 2.0)	(17.0, 2.0)	(18.0, 5.0)	(19.0, 12.0)	(20.0, 40.0)	(21.0, 58.0)	(22.0, 108.0)	(23.0, 191.0)	(24.0, 340.0)	(25.0, 441.0)	(26.0, 683.0)	(27.0, 795.0)	(28.0, 1010.0)	(29.0, 1247.0)	(30.0, 1619.0)	(31.0, 1979.0)	(32.0, 2474.0)	(33.0, 3308.0)	(34.0, 4670.0)	(35.0, 7589.0)	(36.0, 17983.0)	(37.0, 115133.0)	(38.0, 18568.0)											
SRR3667012_2	(13.0, 2.0)	(14.0, 4.0)	(15.0, 14.0)	(16.0, 69.0)	(17.0, 167.0)	(18.0, 186.0)	(19.0, 186.0)	(20.0, 224.0)	(21.0, 276.0)	(22.0, 404.0)	(23.0, 430.0)	(24.0, 571.0)	(25.0, 665.0)	(26.0, 884.0)	(27.0, 1038.0)	(28.0, 1190.0)	(29.0, 1504.0)	(30.0, 1849.0)	(31.0, 2260.0)	(32.0, 3000.0)	(33.0, 3836.0)	(34.0, 5474.0)	(35.0, 8455.0)	(36.0, 17729.0)	(37.0, 89793.0)	(38.0, 38051.0)											
SRR3667013_1	(17.0, 1.0)	(18.0, 2.0)	(19.0, 6.0)	(20.0, 32.0)	(21.0, 64.0)	(22.0, 114.0)	(23.0, 151.0)	(24.0, 255.0)	(25.0, 378.0)	(26.0, 555.0)	(27.0, 813.0)	(28.0, 1026.0)	(29.0, 1262.0)	(30.0, 1710.0)	(31.0, 2118.0)	(32.0, 2792.0)	(33.0, 3730.0)	(34.0, 5425.0)	(35.0, 8704.0)	(36.0, 20150.0)	(37.0, 136072.0)	(38.0, 46349.0)															
SRR3667013_2	(14.0, 1.0)	(15.0, 10.0)	(16.0, 95.0)	(17.0, 294.0)	(18.0, 308.0)	(19.0, 226.0)	(20.0, 177.0)	(21.0, 186.0)	(22.0, 218.0)	(23.0, 287.0)	(24.0, 340.0)	(25.0, 436.0)	(26.0, 547.0)	(27.0, 642.0)	(28.0, 820.0)	(29.0, 1032.0)	(30.0, 1363.0)	(31.0, 1715.0)	(32.0, 2331.0)	(33.0, 3335.0)	(34.0, 4863.0)	(35.0, 7783.0)	(36.0, 15440.0)	(37.0, 88204.0)	(38.0, 101056.0)												
SRR3667014_1	(17.0, 1.0)	(18.0, 0.0)	(19.0, 6.0)	(20.0, 26.0)	(21.0, 64.0)	(22.0, 124.0)	(23.0, 216.0)	(24.0, 381.0)	(25.0, 593.0)	(26.0, 832.0)	(27.0, 1170.0)	(28.0, 1289.0)	(29.0, 1728.0)	(30.0, 2150.0)	(31.0, 2795.0)	(32.0, 3568.0)	(33.0, 4574.0)	(34.0, 6380.0)	(35.0, 9879.0)	(36.0, 22558.0)	(37.0, 127688.0)	(38.0, 22529.0)															
SRR3667014_2	(14.0, 1.0)	(15.0, 30.0)	(16.0, 189.0)	(17.0, 405.0)	(18.0, 335.0)	(19.0, 268.0)	(20.0, 238.0)	(21.0, 426.0)	(22.0, 585.0)	(23.0, 949.0)	(24.0, 1536.0)	(25.0, 1989.0)	(26.0, 1814.0)	(27.0, 1569.0)	(28.0, 1638.0)	(29.0, 1940.0)	(30.0, 2242.0)	(31.0, 2991.0)	(32.0, 3931.0)	(33.0, 5112.0)	(34.0, 7097.0)	(35.0, 10911.0)	(36.0, 20827.0)	(37.0, 92131.0)	(38.0, 49397.0)												
SRR3667015_1	(2.0, 248.0)	(3.0, 0.0)	(4.0, 0.0)	(5.0, 0.0)	(6.0, 0.0)	(7.0, 0.0)	(8.0, 0.0)	(9.0, 0.0)	(10.0, 0.0)	(11.0, 0.0)	(12.0, 0.0)	(13.0, 0.0)	(14.0, 0.0)	(15.0, 0.0)	(16.0, 0.0)	(17.0, 3.0)	(18.0, 2.0)	(19.0, 6.0)	(20.0, 27.0)	(21.0, 63.0)	(22.0, 107.0)	(23.0, 181.0)	(24.0, 263.0)	(25.0, 402.0)	(26.0, 536.0)	(27.0, 683.0)	(28.0, 858.0)	(29.0, 1063.0)	(30.0, 1319.0)	(31.0, 1682.0)	(32.0, 2099.0)	(33.0, 2765.0)	(34.0, 3958.0)	(35.0, 6375.0)	(36.0, 16268.0)	(37.0, 93409.0)	(38.0, 21064.0)
SRR3667015_2	(2.0, 244.0)	(3.0, 0.0)	(4.0, 0.0)	(5.0, 0.0)	(6.0, 0.0)	(7.0, 0.0)	(8.0, 0.0)	(9.0, 0.0)	(10.0, 0.0)	(11.0, 0.0)	(12.0, 0.0)	(13.0, 2.0)	(14.0, 1.0)	(15.0, 36.0)	(16.0, 116.0)	(17.0, 154.0)	(18.0, 115.0)	(19.0, 97.0)	(20.0, 126.0)	(21.0, 182.0)	(22.0, 239.0)	(23.0, 285.0)	(24.0, 343.0)	(25.0, 468.0)	(26.0, 529.0)	(27.0, 617.0)	(28.0, 820.0)	(29.0, 1061.0)	(30.0, 1301.0)	(31.0, 1719.0)	(32.0, 2090.0)	(33.0, 2867.0)	(34.0, 3962.0)	(35.0, 6435.0)	(36.0, 13017.0)	(37.0, 80216.0)	(38.0, 36339.0)
SRR3667016_1	(18.0, 3.0)	(19.0, 14.0)	(20.0, 22.0)	(21.0, 68.0)	(22.0, 141.0)	(23.0, 211.0)	(24.0, 359.0)	(25.0, 605.0)	(26.0, 863.0)	(27.0, 1312.0)	(28.0, 1494.0)	(29.0, 1921.0)	(30.0, 2453.0)	(31.0, 3111.0)	(32.0, 3886.0)	(33.0, 5196.0)	(34.0, 7100.0)	(35.0, 10287.0)	(36.0, 21928.0)	(37.0, 129407.0)	(38.0, 39524.0)																
SRR3667016_2	(14.0, 1.0)	(15.0, 20.0)	(16.0, 119.0)	(17.0, 324.0)	(18.0, 243.0)	(19.0, 199.0)	(20.0, 296.0)	(21.0, 384.0)	(22.0, 545.0)	(23.0, 971.0)	(24.0, 1867.0)	(25.0, 2680.0)	(26.0, 2229.0)	(27.0, 1559.0)	(28.0, 1429.0)	(29.0, 1623.0)	(30.0, 2026.0)	(31.0, 2616.0)	(32.0, 3369.0)	(33.0, 4734.0)	(34.0, 6372.0)	(35.0, 9935.0)	(36.0, 18294.0)	(37.0, 82242.0)	(38.0, 85828.0)												
SRR3667017_1	(15.0, 1.0)	(16.0, 5.0)	(17.0, 3.0)	(18.0, 6.0)	(19.0, 5.0)	(20.0, 22.0)	(21.0, 61.0)	(22.0, 88.0)	(23.0, 132.0)	(24.0, 218.0)	(25.0, 298.0)	(26.0, 507.0)	(27.0, 642.0)	(28.0, 788.0)	(29.0, 988.0)	(30.0, 1325.0)	(31.0, 1663.0)	(32.0, 2147.0)	(33.0, 2948.0)	(34.0, 3891.0)	(35.0, 5937.0)	(36.0, 11818.0)	(37.0, 75267.0)	(38.0, 23420.0)													
SRR3667017_2	(14.0, 4.0)	(15.0, 18.0)	(16.0, 103.0)	(17.0, 272.0)	(18.0, 203.0)	(19.0, 196.0)	(20.0, 250.0)	(21.0, 391.0)	(22.0, 454.0)	(23.0, 674.0)	(24.0, 990.0)	(25.0, 1331.0)	(26.0, 1298.0)	(27.0, 1312.0)	(28.0, 1387.0)	(29.0, 1594.0)	(30.0, 1881.0)	(31.0, 2409.0)	(32.0, 2782.0)	(33.0, 3603.0)	(34.0, 4872.0)	(35.0, 7255.0)	(36.0, 13410.0)	(37.0, 56133.0)	(38.0, 29358.0)												
SRR3667018_1	(16.0, 1.0)	(17.0, 0.0)	(18.0, 2.0)	(19.0, 7.0)	(20.0, 24.0)	(21.0, 42.0)	(22.0, 65.0)	(23.0, 108.0)	(24.0, 179.0)	(25.0, 231.0)	(26.0, 341.0)	(27.0, 423.0)	(28.0, 520.0)	(29.0, 648.0)	(30.0, 820.0)	(31.0, 1056.0)	(32.0, 1245.0)	(33.0, 1641.0)	(34.0, 2444.0)	(35.0, 3993.0)	(36.0, 9228.0)	(37.0, 59038.0)	(38.0, 17736.0)														
SRR3667018_2	(14.0, 3.0)	(15.0, 13.0)	(16.0, 91.0)	(17.0, 126.0)	(18.0, 96.0)	(19.0, 99.0)	(20.0, 137.0)	(21.0, 189.0)	(22.0, 238.0)	(23.0, 270.0)	(24.0, 353.0)	(25.0, 418.0)	(26.0, 553.0)	(27.0, 651.0)	(28.0, 759.0)	(29.0, 899.0)	(30.0, 1092.0)	(31.0, 1462.0)	(32.0, 1678.0)	(33.0, 2209.0)	(34.0, 3079.0)	(35.0, 4915.0)	(36.0, 9769.0)	(37.0, 48518.0)	(38.0, 22175.0)												
SRR3667019_1	(14.0, 4.0)	(15.0, 29.0)	(16.0, 121.0)	(17.0, 147.0)	(18.0, 151.0)	(19.0, 254.0)	(20.0, 450.0)	(21.0, 919.0)	(22.0, 1392.0)	(23.0, 2020.0)	(24.0, 2625.0)	(25.0, 3210.0)	(26.0, 4077.0)	(27.0, 4910.0)	(28.0, 5906.0)	(29.0, 7096.0)	(30.0, 8650.0)	(31.0, 10703.0)	(32.0, 13642.0)	(33.0, 17647.0)	(34.0, 25094.0)	(35.0, 39538.0)	(36.0, 69475.0)	(37.0, 46701.0)													
SRR3667019_2	(11.0, 1.0)	(12.0, 30.0)	(13.0, 96.0)	(14.0, 120.0)	(15.0, 190.0)	(16.0, 347.0)	(17.0, 541.0)	(18.0, 735.0)	(19.0, 978.0)	(20.0, 1253.0)	(21.0, 1551.0)	(22.0, 2079.0)	(23.0, 2802.0)	(24.0, 4067.0)	(25.0, 5872.0)	(26.0, 8240.0)	(27.0, 10809.0)	(28.0, 14329.0)	(29.0, 18342.0)	(30.0, 23337.0)	(31.0, 29810.0)	(32.0, 37046.0)	(33.0, 44146.0)	(34.0, 40386.0)	(35.0, 16638.0)	(36.0, 1014.0)	(37.0, 2.0)										
SRR3667020_1	(13.0, 3.0)	(14.0, 5.0)	(15.0, 16.0)	(16.0, 28.0)	(17.0, 23.0)	(18.0, 21.0)	(19.0, 17.0)	(20.0, 24.0)	(21.0, 65.0)	(22.0, 75.0)	(23.0, 116.0)	(24.0, 201.0)	(25.0, 264.0)	(26.0, 451.0)	(27.0, 523.0)	(28.0, 626.0)	(29.0, 814.0)	(30.0, 1050.0)	(31.0, 1331.0)	(32.0, 1711.0)	(33.0, 2258.0)	(34.0, 3127.0)	(35.0, 4965.0)	(36.0, 11499.0)	(37.0, 67899.0)	(38.0, 13052.0)											
SRR3667020_2	(12.0, 2.0)	(13.0, 33.0)	(14.0, 47.0)	(15.0, 41.0)	(16.0, 108.0)	(17.0, 187.0)	(18.0, 162.0)	(19.0, 279.0)	(20.0, 390.0)	(21.0, 525.0)	(22.0, 689.0)	(23.0, 798.0)	(24.0, 959.0)	(25.0, 1123.0)	(26.0, 1335.0)	(27.0, 1450.0)	(28.0, 1664.0)	(29.0, 1904.0)	(30.0, 2324.0)	(31.0, 2802.0)	(32.0, 3379.0)	(33.0, 4375.0)	(34.0, 5840.0)	(35.0, 8814.0)	(36.0, 17513.0)	(37.0, 47912.0)	(38.0, 5509.0)										
SRR3667021_1	(18.0, 2.0)	(19.0, 6.0)	(20.0, 31.0)	(21.0, 49.0)	(22.0, 91.0)	(23.0, 153.0)	(24.0, 261.0)	(25.0, 461.0)	(26.0, 681.0)	(27.0, 956.0)	(28.0, 1145.0)	(29.0, 1329.0)	(30.0, 1798.0)	(31.0, 2281.0)	(32.0, 2856.0)	(33.0, 3766.0)	(34.0, 5228.0)	(35.0, 7897.0)	(36.0, 17518.0)	(37.0, 108308.0)	(38.0, 13797.0)																
SRR3667021_2	(15.0, 11.0)	(16.0, 110.0)	(17.0, 282.0)	(18.0, 288.0)	(19.0, 187.0)	(20.0, 220.0)	(21.0, 319.0)	(22.0, 402.0)	(23.0, 580.0)	(24.0, 934.0)	(25.0, 1152.0)	(26.0, 1046.0)	(27.0, 1085.0)	(28.0, 1312.0)	(29.0, 1621.0)	(30.0, 1977.0)	(31.0, 2445.0)	(32.0, 3353.0)	(33.0, 4359.0)	(34.0, 6232.0)	(35.0, 9350.0)	(36.0, 18356.0)	(37.0, 85903.0)	(38.0, 27090.0)													
SRR3667022_1	(18.0, 6.0)	(19.0, 11.0)	(20.0, 38.0)	(21.0, 94.0)	(22.0, 172.0)	(23.0, 308.0)	(24.0, 447.0)	(25.0, 757.0)	(26.0, 1141.0)	(27.0, 1571.0)	(28.0, 1744.0)	(29.0, 2065.0)	(30.0, 2618.0)	(31.0, 3423.0)	(32.0, 4208.0)	(33.0, 5617.0)	(34.0, 7573.0)	(35.0, 11543.0)	(36.0, 26208.0)	(37.0, 143533.0)	(38.0, 20738.0)																
SRR3667022_2	(15.0, 17.0)	(16.0, 145.0)	(17.0, 339.0)	(18.0, 309.0)	(19.0, 306.0)	(20.0, 349.0)	(21.0, 397.0)	(22.0, 654.0)	(23.0, 977.0)	(24.0, 1585.0)	(25.0, 1889.0)	(26.0, 1658.0)	(27.0, 1605.0)	(28.0, 1760.0)	(29.0, 2121.0)	(30.0, 2611.0)	(31.0, 3457.0)	(32.0, 4478.0)	(33.0, 5922.0)	(34.0, 8074.0)	(35.0, 12623.0)	(36.0, 24274.0)	(37.0, 109167.0)	(38.0, 49098.0)													
SRR3667023_1	(18.0, 6.0)	(19.0, 14.0)	(20.0, 57.0)	(21.0, 141.0)	(22.0, 220.0)	(23.0, 431.0)	(24.0, 676.0)	(25.0, 1163.0)	(26.0, 2381.0)	(27.0, 4009.0)	(28.0, 2295.0)	(29.0, 2387.0)	(30.0, 2842.0)	(31.0, 3306.0)	(32.0, 4027.0)	(33.0, 5269.0)	(34.0, 6988.0)	(35.0, 10962.0)	(36.0, 26278.0)	(37.0, 140668.0)	(38.0, 18993.0)																
SRR3667023_2	(14.0, 1.0)	(15.0, 23.0)	(16.0, 166.0)	(17.0, 376.0)	(18.0, 325.0)	(19.0, 288.0)	(20.0, 367.0)	(21.0, 622.0)	(22.0, 1199.0)	(23.0, 2581.0)	(24.0, 3632.0)	(25.0, 2667.0)	(26.0, 2045.0)	(27.0, 1761.0)	(28.0, 1866.0)	(29.0, 2121.0)	(30.0, 2701.0)	(31.0, 3470.0)	(32.0, 4507.0)	(33.0, 6067.0)	(34.0, 8044.0)	(35.0, 12448.0)	(36.0, 23767.0)	(37.0, 105278.0)	(38.0, 46791.0)												
SRR3667024_1	(18.0, 4.0)	(19.0, 9.0)	(20.0, 23.0)	(21.0, 52.0)	(22.0, 94.0)	(23.0, 188.0)	(24.0, 261.0)	(25.0, 366.0)	(26.0, 571.0)	(27.0, 746.0)	(28.0, 947.0)	(29.0, 1158.0)	(30.0, 1516.0)	(31.0, 1831.0)	(32.0, 2431.0)	(33.0, 3222.0)	(34.0, 4271.0)	(35.0, 6696.0)	(36.0, 16000.0)	(37.0, 97289.0)	(38.0, 18684.0)																
SRR3667024_2	(14.0, 1.0)	(15.0, 16.0)	(16.0, 90.0)	(17.0, 238.0)	(18.0, 205.0)	(19.0, 164.0)	(20.0, 220.0)	(21.0, 259.0)	(22.0, 405.0)	(23.0, 522.0)	(24.0, 665.0)	(25.0, 823.0)	(26.0, 936.0)	(27.0, 1095.0)	(28.0, 1335.0)	(29.0, 1607.0)	(30.0, 1959.0)	(31.0, 2372.0)	(32.0, 3077.0)	(33.0, 3915.0)	(34.0, 5308.0)	(35.0, 8286.0)	(36.0, 16072.0)	(37.0, 79107.0)	(38.0, 27682.0)												
SRR3667025_1	(2.0, 8.0)	(3.0, 0.0)	(4.0, 0.0)	(5.0, 0.0)	(6.0, 0.0)	(7.0, 0.0)	(8.0, 0.0)	(9.0, 0.0)	(10.0, 0.0)	(11.0, 0.0)	(12.0, 0.0)	(13.0, 0.0)	(14.0, 0.0)	(15.0, 0.0)	(16.0, 0.0)	(17.0, 2.0)	(18.0, 3.0)	(19.0, 11.0)	(20.0, 38.0)	(21.0, 74.0)	(22.0, 169.0)	(23.0, 246.0)	(24.0, 360.0)	(25.0, 500.0)	(26.0, 675.0)	(27.0, 876.0)	(28.0, 1138.0)	(29.0, 1405.0)	(30.0, 1717.0)	(31.0, 2092.0)	(32.0, 2774.0)	(33.0, 3759.0)	(34.0, 5326.0)	(35.0, 8664.0)	(36.0, 19699.0)	(37.0, 127248.0)	(38.0, 36416.0)
SRR3667025_2	(2.0, 7.0)	(3.0, 0.0)	(4.0, 0.0)	(5.0, 0.0)	(6.0, 0.0)	(7.0, 0.0)	(8.0, 0.0)	(9.0, 0.0)	(10.0, 0.0)	(11.0, 0.0)	(12.0, 0.0)	(13.0, 0.0)	(14.0, 0.0)	(15.0, 17.0)	(16.0, 120.0)	(17.0, 318.0)	(18.0, 354.0)	(19.0, 237.0)	(20.0, 225.0)	(21.0, 253.0)	(22.0, 325.0)	(23.0, 397.0)	(24.0, 537.0)	(25.0, 616.0)	(26.0, 858.0)	(27.0, 1141.0)	(28.0, 1186.0)	(29.0, 1391.0)	(30.0, 1587.0)	(31.0, 1978.0)	(32.0, 2556.0)	(33.0, 3555.0)	(34.0, 5098.0)	(35.0, 8216.0)	(36.0, 16582.0)	(37.0, 74687.0)	(38.0, 90959.0)
SRR3667026_1	(2.0, 32.0)	(3.0, 0.0)	(4.0, 0.0)	(5.0, 0.0)	(6.0, 0.0)	(7.0, 0.0)	(8.0, 0.0)	(9.0, 0.0)	(10.0, 0.0)	(11.0, 0.0)	(12.0, 0.0)	(13.0, 0.0)	(14.0, 0.0)	(15.0, 1.0)	(16.0, 1.0)	(17.0, 0.0)	(18.0, 3.0)	(19.0, 10.0)	(20.0, 28.0)	(21.0, 69.0)	(22.0, 111.0)	(23.0, 205.0)	(24.0, 308.0)	(25.0, 402.0)	(26.0, 624.0)	(27.0, 768.0)	(28.0, 906.0)	(29.0, 1163.0)	(30.0, 1561.0)	(31.0, 1955.0)	(32.0, 2370.0)	(33.0, 3092.0)	(34.0, 4267.0)	(35.0, 6592.0)	(36.0, 15101.0)	(37.0, 91052.0)	(38.0, 27465.0)
SRR3667026_2	(2.0, 11.0)	(3.0, 0.0)	(4.0, 0.0)	(5.0, 0.0)	(6.0, 0.0)	(7.0, 0.0)	(8.0, 0.0)	(9.0, 0.0)	(10.0, 0.0)	(11.0, 0.0)	(12.0, 0.0)	(13.0, 0.0)	(14.0, 2.0)	(15.0, 15.0)	(16.0, 140.0)	(17.0, 247.0)	(18.0, 231.0)	(19.0, 177.0)	(20.0, 220.0)	(21.0, 318.0)	(22.0, 398.0)	(23.0, 530.0)	(24.0, 630.0)	(25.0, 717.0)	(26.0, 885.0)	(27.0, 1096.0)	(28.0, 1260.0)	(29.0, 1627.0)	(30.0, 1915.0)	(31.0, 2530.0)	(32.0, 3072.0)	(33.0, 3999.0)	(34.0, 5607.0)	(35.0, 8660.0)	(36.0, 16125.0)	(37.0, 73044.0)	(38.0, 34630.0)
SRR3667027_1	(19.0, 3.0)	(20.0, 15.0)	(21.0, 40.0)	(22.0, 82.0)	(23.0, 114.0)	(24.0, 198.0)	(25.0, 297.0)	(26.0, 390.0)	(27.0, 554.0)	(28.0, 710.0)	(29.0, 866.0)	(30.0, 1091.0)	(31.0, 1324.0)	(32.0, 1738.0)	(33.0, 2303.0)	(34.0, 3229.0)	(35.0, 4931.0)	(36.0, 11631.0)	(37.0, 69442.0)	(38.0, 7946.0)																	
SRR3667027_2	(14.0, 1.0)	(15.0, 14.0)	(16.0, 93.0)	(17.0, 206.0)	(18.0, 179.0)	(19.0, 132.0)	(20.0, 150.0)	(21.0, 180.0)	(22.0, 204.0)	(23.0, 281.0)	(24.0, 406.0)	(25.0, 455.0)	(26.0, 539.0)	(27.0, 611.0)	(28.0, 738.0)	(29.0, 1023.0)	(30.0, 1132.0)	(31.0, 1497.0)	(32.0, 1974.0)	(33.0, 2642.0)	(34.0, 3669.0)	(35.0, 5804.0)	(36.0, 10922.0)	(37.0, 49584.0)	(38.0, 24468.0)												
SRR3667028_1	(19.0, 4.0)	(20.0, 13.0)	(21.0, 36.0)	(22.0, 56.0)	(23.0, 69.0)	(24.0, 126.0)	(25.0, 205.0)	(26.0, 278.0)	(27.0, 352.0)	(28.0, 464.0)	(29.0, 562.0)	(30.0, 787.0)	(31.0, 945.0)	(32.0, 1196.0)	(33.0, 1655.0)	(34.0, 2265.0)	(35.0, 3746.0)	(36.0, 8808.0)	(37.0, 60781.0)	(38.0, 11707.0)																	
SRR3667028_2	(14.0, 1.0)	(15.0, 9.0)	(16.0, 56.0)	(17.0, 147.0)	(18.0, 105.0)	(19.0, 109.0)	(20.0, 173.0)	(21.0, 243.0)	(22.0, 306.0)	(23.0, 392.0)	(24.0, 461.0)	(25.0, 570.0)	(26.0, 696.0)	(27.0, 833.0)	(28.0, 865.0)	(29.0, 1050.0)	(30.0, 1164.0)	(31.0, 1479.0)	(32.0, 1925.0)	(33.0, 2570.0)	(34.0, 3463.0)	(35.0, 5505.0)	(36.0, 11066.0)	(37.0, 46842.0)	(38.0, 14025.0)												
SRR3667029_1	(16.0, 1.0)	(17.0, 2.0)	(18.0, 3.0)	(19.0, 2.0)	(20.0, 13.0)	(21.0, 39.0)	(22.0, 55.0)	(23.0, 114.0)	(24.0, 179.0)	(25.0, 272.0)	(26.0, 413.0)	(27.0, 517.0)	(28.0, 669.0)	(29.0, 904.0)	(30.0, 1180.0)	(31.0, 1581.0)	(32.0, 1961.0)	(33.0, 2586.0)	(34.0, 3803.0)	(35.0, 5747.0)	(36.0, 13079.0)	(37.0, 84119.0)	(38.0, 25547.0)														
SRR3667029_2	(15.0, 9.0)	(16.0, 54.0)	(17.0, 153.0)	(18.0, 166.0)	(19.0, 158.0)	(20.0, 177.0)	(21.0, 252.0)	(22.0, 345.0)	(23.0, 494.0)	(24.0, 1016.0)	(25.0, 1573.0)	(26.0, 1486.0)	(27.0, 1275.0)	(28.0, 1212.0)	(29.0, 1195.0)	(30.0, 1377.0)	(31.0, 1564.0)	(32.0, 2094.0)	(33.0, 2741.0)	(34.0, 3959.0)	(35.0, 6342.0)	(36.0, 12257.0)	(37.0, 60204.0)	(38.0, 42683.0)													
SRR3667030_1	(2.0, 1.0)	(3.0, 0.0)	(4.0, 0.0)	(5.0, 0.0)	(6.0, 0.0)	(7.0, 0.0)	(8.0, 0.0)	(9.0, 0.0)	(10.0, 0.0)	(11.0, 0.0)	(12.0, 0.0)	(13.0, 0.0)	(14.0, 2.0)	(15.0, 14.0)	(16.0, 49.0)	(17.0, 85.0)	(18.0, 106.0)	(19.0, 115.0)	(20.0, 214.0)	(21.0, 405.0)	(22.0, 614.0)	(23.0, 954.0)	(24.0, 1312.0)	(25.0, 1610.0)	(26.0, 2058.0)	(27.0, 2385.0)	(28.0, 2929.0)	(29.0, 3537.0)	(30.0, 4402.0)	(31.0, 5482.0)	(32.0, 7122.0)	(33.0, 9554.0)	(34.0, 13353.0)	(35.0, 20662.0)	(36.0, 38618.0)	(37.0, 32107.0)	
SRR3667030_2	(2.0, 1.0)	(3.0, 0.0)	(4.0, 0.0)	(5.0, 0.0)	(6.0, 0.0)	(7.0, 0.0)	(8.0, 0.0)	(9.0, 0.0)	(10.0, 0.0)	(11.0, 1.0)	(12.0, 14.0)	(13.0, 70.0)	(14.0, 96.0)	(15.0, 131.0)	(16.0, 238.0)	(17.0, 392.0)	(18.0, 455.0)	(19.0, 535.0)	(20.0, 776.0)	(21.0, 1043.0)	(22.0, 1302.0)	(23.0, 1900.0)	(24.0, 2633.0)	(25.0, 3757.0)	(26.0, 5056.0)	(27.0, 6869.0)	(28.0, 9067.0)	(29.0, 11796.0)	(30.0, 14845.0)	(31.0, 17214.0)	(32.0, 19212.0)	(33.0, 20894.0)	(34.0, 19220.0)	(35.0, 9430.0)	(36.0, 742.0)	(37.0, 1.0)	
SRR3667031_1	(18.0, 1.0)	(19.0, 2.0)	(20.0, 10.0)	(21.0, 34.0)	(22.0, 68.0)	(23.0, 105.0)	(24.0, 195.0)	(25.0, 313.0)	(26.0, 360.0)	(27.0, 505.0)	(28.0, 625.0)	(29.0, 794.0)	(30.0, 996.0)	(31.0, 1262.0)	(32.0, 1687.0)	(33.0, 2253.0)	(34.0, 3232.0)	(35.0, 5206.0)	(36.0, 11691.0)	(37.0, 86482.0)	(38.0, 19673.0)																
SRR3667031_2	(14.0, 2.0)	(15.0, 18.0)	(16.0, 106.0)	(17.0, 329.0)	(18.0, 275.0)	(19.0, 164.0)	(20.0, 148.0)	(21.0, 182.0)	(22.0, 201.0)	(23.0, 290.0)	(24.0, 304.0)	(25.0, 416.0)	(26.0, 473.0)	(27.0, 568.0)	(28.0, 630.0)	(29.0, 779.0)	(30.0, 989.0)	(31.0, 1265.0)	(32.0, 1620.0)	(33.0, 2215.0)	(34.0, 3254.0)	(35.0, 4931.0)	(36.0, 9682.0)	(37.0, 53801.0)	(38.0, 52852.0)												
SRR3667032_1	(17.0, 1.0)	(18.0, 2.0)	(19.0, 12.0)	(20.0, 41.0)	(21.0, 112.0)	(22.0, 226.0)	(23.0, 434.0)	(24.0, 675.0)	(25.0, 1252.0)	(26.0, 2587.0)	(27.0, 4575.0)	(28.0, 2334.0)	(29.0, 2497.0)	(30.0, 2799.0)	(31.0, 3004.0)	(32.0, 3778.0)	(33.0, 4784.0)	(34.0, 6597.0)	(35.0, 10188.0)	(36.0, 24510.0)	(37.0, 130330.0)	(38.0, 18479.0)															
SRR3667032_2	(14.0, 2.0)	(15.0, 8.0)	(16.0, 91.0)	(17.0, 268.0)	(18.0, 225.0)	(19.0, 223.0)	(20.0, 344.0)	(21.0, 622.0)	(22.0, 1249.0)	(23.0, 2635.0)	(24.0, 3716.0)	(25.0, 2681.0)	(26.0, 2075.0)	(27.0, 1657.0)	(28.0, 1518.0)	(29.0, 1839.0)	(30.0, 2296.0)	(31.0, 2866.0)	(32.0, 3782.0)	(33.0, 4997.0)	(34.0, 7043.0)	(35.0, 11135.0)	(36.0, 21276.0)	(37.0, 95996.0)	(38.0, 50673.0)												
SRR3667033_1	(2.0, 2.0)	(3.0, 0.0)	(4.0, 0.0)	(5.0, 0.0)	(6.0, 0.0)	(7.0, 0.0)	(8.0, 0.0)	(9.0, 0.0)	(10.0, 0.0)	(11.0, 0.0)	(12.0, 0.0)	(13.0, 0.0)	(14.0, 0.0)	(15.0, 0.0)	(16.0, 0.0)	(17.0, 0.0)	(18.0, 0.0)	(19.0, 4.0)	(20.0, 9.0)	(21.0, 40.0)	(22.0, 46.0)	(23.0, 92.0)	(24.0, 138.0)	(25.0, 169.0)	(26.0, 289.0)	(27.0, 365.0)	(28.0, 451.0)	(29.0, 571.0)	(30.0, 698.0)	(31.0, 907.0)	(32.0, 1124.0)	(33.0, 1511.0)	(34.0, 2164.0)	(35.0, 3363.0)	(36.0, 7791.0)	(37.0, 53067.0)	(38.0, 13077.0)
SRR3667033_2	(2.0, 2.0)	(3.0, 0.0)	(4.0, 0.0)	(5.0, 0.0)	(6.0, 0.0)	(7.0, 0.0)	(8.0, 0.0)	(9.0, 0.0)	(10.0, 0.0)	(11.0, 0.0)	(12.0, 0.0)	(13.0, 0.0)	(14.0, 1.0)	(15.0, 1.0)	(16.0, 42.0)	(17.0, 107.0)	(18.0, 103.0)	(19.0, 85.0)	(20.0, 119.0)	(21.0, 135.0)	(22.0, 202.0)	(23.0, 219.0)	(24.0, 301.0)	(25.0, 353.0)	(26.0, 440.0)	(27.0, 481.0)	(28.0, 621.0)	(29.0, 718.0)	(30.0, 885.0)	(31.0, 1109.0)	(32.0, 1452.0)	(33.0, 1796.0)	(34.0, 2684.0)	(35.0, 4299.0)	(36.0, 8151.0)	(37.0, 47414.0)	(38.0, 14158.0)
SRR3667034_1	(2.0, 9.0)	(3.0, 0.0)	(4.0, 0.0)	(5.0, 0.0)	(6.0, 0.0)	(7.0, 0.0)	(8.0, 0.0)	(9.0, 0.0)	(10.0, 0.0)	(11.0, 0.0)	(12.0, 0.0)	(13.0, 0.0)	(14.0, 0.0)	(15.0, 1.0)	(16.0, 0.0)	(17.0, 1.0)	(18.0, 1.0)	(19.0, 4.0)	(20.0, 22.0)	(21.0, 54.0)	(22.0, 117.0)	(23.0, 162.0)	(24.0, 212.0)	(25.0, 235.0)	(26.0, 350.0)	(27.0, 394.0)	(28.0, 542.0)	(29.0, 690.0)	(30.0, 819.0)	(31.0, 1070.0)	(32.0, 1369.0)	(33.0, 1804.0)	(34.0, 2427.0)	(35.0, 3842.0)	(36.0, 8987.0)	(37.0, 62356.0)	(38.0, 15958.0)
SRR3667034_2	(2.0, 6.0)	(3.0, 0.0)	(4.0, 0.0)	(5.0, 0.0)	(6.0, 0.0)	(7.0, 0.0)	(8.0, 0.0)	(9.0, 0.0)	(10.0, 0.0)	(11.0, 0.0)	(12.0, 0.0)	(13.0, 0.0)	(14.0, 2.0)	(15.0, 32.0)	(16.0, 121.0)	(17.0, 180.0)	(18.0, 106.0)	(19.0, 86.0)	(20.0, 102.0)	(21.0, 119.0)	(22.0, 147.0)	(23.0, 184.0)	(24.0, 255.0)	(25.0, 279.0)	(26.0, 397.0)	(27.0, 437.0)	(28.0, 519.0)	(29.0, 638.0)	(30.0, 793.0)	(31.0, 1012.0)	(32.0, 1319.0)	(33.0, 1802.0)	(34.0, 2607.0)	(35.0, 4067.0)	(36.0, 8396.0)	(37.0, 52533.0)	(38.0, 25287.0)
SRR3667035_1	(19.0, 2.0)	(20.0, 13.0)	(21.0, 49.0)	(22.0, 71.0)	(23.0, 102.0)	(24.0, 158.0)	(25.0, 227.0)	(26.0, 292.0)	(27.0, 414.0)	(28.0, 500.0)	(29.0, 598.0)	(30.0, 780.0)	(31.0, 973.0)	(32.0, 1165.0)	(33.0, 1604.0)	(34.0, 2350.0)	(35.0, 3720.0)	(36.0, 8753.0)	(37.0, 60661.0)	(38.0, 6021.0)																	
SRR3667035_2	(15.0, 4.0)	(16.0, 63.0)	(17.0, 126.0)	(18.0, 98.0)	(19.0, 70.0)	(20.0, 103.0)	(21.0, 132.0)	(22.0, 170.0)	(23.0, 193.0)	(24.0, 264.0)	(25.0, 297.0)	(26.0, 367.0)	(27.0, 426.0)	(28.0, 515.0)	(29.0, 607.0)	(30.0, 758.0)	(31.0, 958.0)	(32.0, 1267.0)	(33.0, 1720.0)	(34.0, 2365.0)	(35.0, 3693.0)	(36.0, 7368.0)	(37.0, 51821.0)	(38.0, 15068.0)													
SRR3667036_1	(16.0, 2.0)	(17.0, 0.0)	(18.0, 3.0)	(19.0, 7.0)	(20.0, 24.0)	(21.0, 62.0)	(22.0, 85.0)	(23.0, 158.0)	(24.0, 239.0)	(25.0, 359.0)	(26.0, 434.0)	(27.0, 614.0)	(28.0, 779.0)	(29.0, 972.0)	(30.0, 1196.0)	(31.0, 1419.0)	(32.0, 1814.0)	(33.0, 2497.0)	(34.0, 3637.0)	(35.0, 5716.0)	(36.0, 13509.0)	(37.0, 87856.0)	(38.0, 21930.0)														
SRR3667036_2	(14.0, 1.0)	(15.0, 10.0)	(16.0, 55.0)	(17.0, 157.0)	(18.0, 171.0)	(19.0, 117.0)	(20.0, 116.0)	(21.0, 178.0)	(22.0, 189.0)	(23.0, 242.0)	(24.0, 368.0)	(25.0, 524.0)	(26.0, 679.0)	(27.0, 750.0)	(28.0, 754.0)	(29.0, 900.0)	(30.0, 1031.0)	(31.0, 1261.0)	(32.0, 1686.0)	(33.0, 2320.0)	(34.0, 3072.0)	(35.0, 4895.0)	(36.0, 9725.0)	(37.0, 53952.0)	(38.0, 60159.0)												
SRR3667037_1	(18.0, 1.0)	(19.0, 6.0)	(20.0, 13.0)	(21.0, 35.0)	(22.0, 74.0)	(23.0, 141.0)	(24.0, 176.0)	(25.0, 307.0)	(26.0, 441.0)	(27.0, 565.0)	(28.0, 686.0)	(29.0, 930.0)	(30.0, 1150.0)	(31.0, 1476.0)	(32.0, 1865.0)	(33.0, 2512.0)	(34.0, 3521.0)	(35.0, 5506.0)	(36.0, 11719.0)	(37.0, 76117.0)	(38.0, 32349.0)																
SRR3667037_2	(14.0, 1.0)	(15.0, 11.0)	(16.0, 100.0)	(17.0, 250.0)	(18.0, 264.0)	(19.0, 200.0)	(20.0, 209.0)	(21.0, 280.0)	(22.0, 345.0)	(23.0, 563.0)	(24.0, 1058.0)	(25.0, 1658.0)	(26.0, 1756.0)	(27.0, 1668.0)	(28.0, 1395.0)	(29.0, 1272.0)	(30.0, 1294.0)	(31.0, 1393.0)	(32.0, 1780.0)	(33.0, 2349.0)	(34.0, 3390.0)	(35.0, 5249.0)	(36.0, 10412.0)	(37.0, 45310.0)	(38.0, 57383.0)												
SRR3667038_1	(16.0, 1.0)	(17.0, 0.0)	(18.0, 2.0)	(19.0, 6.0)	(20.0, 16.0)	(21.0, 42.0)	(22.0, 78.0)	(23.0, 138.0)	(24.0, 213.0)	(25.0, 322.0)	(26.0, 492.0)	(27.0, 638.0)	(28.0, 780.0)	(29.0, 1028.0)	(30.0, 1271.0)	(31.0, 1592.0)	(32.0, 2190.0)	(33.0, 2826.0)	(34.0, 3937.0)	(35.0, 6086.0)	(36.0, 14256.0)	(37.0, 87029.0)	(38.0, 19693.0)														
SRR3667038_2	(14.0, 2.0)	(15.0, 11.0)	(16.0, 81.0)	(17.0, 217.0)	(18.0, 190.0)	(19.0, 120.0)	(20.0, 126.0)	(21.0, 179.0)	(22.0, 225.0)	(23.0, 314.0)	(24.0, 427.0)	(25.0, 591.0)	(26.0, 645.0)	(27.0, 765.0)	(28.0, 904.0)	(29.0, 1087.0)	(30.0, 1305.0)	(31.0, 1569.0)	(32.0, 2198.0)	(33.0, 2955.0)	(34.0, 4074.0)	(35.0, 6378.0)	(36.0, 12453.0)	(37.0, 68891.0)	(38.0, 36929.0)												
SRR3667039_1	(14.0, 2.0)	(15.0, 2.0)	(16.0, 1.0)	(17.0, 1.0)	(18.0, 4.0)	(19.0, 6.0)	(20.0, 16.0)	(21.0, 35.0)	(22.0, 59.0)	(23.0, 103.0)	(24.0, 156.0)	(25.0, 199.0)	(26.0, 295.0)	(27.0, 324.0)	(28.0, 481.0)	(29.0, 603.0)	(30.0, 667.0)	(31.0, 879.0)	(32.0, 1095.0)	(33.0, 1516.0)	(34.0, 2173.0)	(35.0, 3444.0)	(36.0, 7436.0)	(37.0, 55109.0)	(38.0, 13424.0)												
SRR3667039_2	(13.0, 1.0)	(14.0, 3.0)	(15.0, 10.0)	(16.0, 52.0)	(17.0, 108.0)	(18.0, 88.0)	(19.0, 116.0)	(20.0, 179.0)	(21.0, 267.0)	(22.0, 365.0)	(23.0, 431.0)	(24.0, 521.0)	(25.0, 566.0)	(26.0, 642.0)	(27.0, 800.0)	(28.0, 894.0)	(29.0, 1075.0)	(30.0, 1211.0)	(31.0, 1476.0)	(32.0, 1982.0)	(33.0, 2352.0)	(34.0, 3333.0)	(35.0, 5118.0)	(36.0, 9962.0)	(37.0, 40660.0)	(38.0, 15818.0)											
SRR3667040_1	(16.0, 1.0)	(17.0, 1.0)	(18.0, 1.0)	(19.0, 15.0)	(20.0, 68.0)	(21.0, 161.0)	(22.0, 298.0)	(23.0, 539.0)	(24.0, 897.0)	(25.0, 1536.0)	(26.0, 2922.0)	(27.0, 3530.0)	(28.0, 2094.0)	(29.0, 2424.0)	(30.0, 2795.0)	(31.0, 2885.0)	(32.0, 3513.0)	(33.0, 4573.0)	(34.0, 6035.0)	(35.0, 9505.0)	(36.0, 22810.0)	(37.0, 116610.0)	(38.0, 14962.0)														
SRR3667040_2	(14.0, 2.0)	(15.0, 43.0)	(16.0, 230.0)	(17.0, 369.0)	(18.0, 313.0)	(19.0, 410.0)	(20.0, 637.0)	(21.0, 1136.0)	(22.0, 1845.0)	(23.0, 3151.0)	(24.0, 3579.0)	(25.0, 2709.0)	(26.0, 2515.0)	(27.0, 2335.0)	(28.0, 2466.0)	(29.0, 2869.0)	(30.0, 3379.0)	(31.0, 4002.0)	(32.0, 4990.0)	(33.0, 6403.0)	(34.0, 8575.0)	(35.0, 13342.0)	(36.0, 24337.0)	(37.0, 87633.0)	(38.0, 20905.0)												
SRR3667041_1	(14.0, 7.0)	(15.0, 21.0)	(16.0, 80.0)	(17.0, 109.0)	(18.0, 101.0)	(19.0, 163.0)	(20.0, 270.0)	(21.0, 604.0)	(22.0, 976.0)	(23.0, 1400.0)	(24.0, 1933.0)	(25.0, 2458.0)	(26.0, 3079.0)	(27.0, 3704.0)	(28.0, 4545.0)	(29.0, 5546.0)	(30.0, 6778.0)	(31.0, 8608.0)	(32.0, 10873.0)	(33.0, 14440.0)	(34.0, 20613.0)	(35.0, 32418.0)	(36.0, 57247.0)	(37.0, 43830.0)													
SRR3667041_2	(12.0, 17.0)	(13.0, 84.0)	(14.0, 113.0)	(15.0, 143.0)	(16.0, 316.0)	(17.0, 462.0)	(18.0, 622.0)	(19.0, 837.0)	(20.0, 1040.0)	(21.0, 1374.0)	(22.0, 1859.0)	(23.0, 2484.0)	(24.0, 3440.0)	(25.0, 4991.0)	(26.0, 6551.0)	(27.0, 9300.0)	(28.0, 12600.0)	(29.0, 15967.0)	(30.0, 20752.0)	(31.0, 25521.0)	(32.0, 29749.0)	(33.0, 33971.0)	(34.0, 31350.0)	(35.0, 14960.0)	(36.0, 1300.0)												
SRR3667042_1	(18.0, 3.0)	(19.0, 17.0)	(20.0, 40.0)	(21.0, 92.0)	(22.0, 159.0)	(23.0, 286.0)	(24.0, 508.0)	(25.0, 672.0)	(26.0, 1056.0)	(27.0, 1494.0)	(28.0, 1700.0)	(29.0, 2180.0)	(30.0, 2770.0)	(31.0, 3495.0)	(32.0, 4550.0)	(33.0, 5940.0)	(34.0, 7948.0)	(35.0, 12187.0)	(36.0, 28504.0)	(37.0, 154146.0)	(38.0, 23875.0)																
SRR3667042_2	(15.0, 20.0)	(16.0, 165.0)	(17.0, 504.0)	(18.0, 476.0)	(19.0, 684.0)	(20.0, 1003.0)	(21.0, 1382.0)	(22.0, 1871.0)	(23.0, 2482.0)	(24.0, 3371.0)	(25.0, 3583.0)	(26.0, 3433.0)	(27.0, 3657.0)	(28.0, 4218.0)	(29.0, 4825.0)	(30.0, 5883.0)	(31.0, 6808.0)	(32.0, 8236.0)	(33.0, 10302.0)	(34.0, 13792.0)	(35.0, 20658.0)	(36.0, 39452.0)	(37.0, 101721.0)	(38.0, 13096.0)													
SRR3667043_1	(2.0, 39.0)	(3.0, 0.0)	(4.0, 0.0)	(5.0, 0.0)	(6.0, 0.0)	(7.0, 0.0)	(8.0, 0.0)	(9.0, 0.0)	(10.0, 0.0)	(11.0, 0.0)	(12.0, 0.0)	(13.0, 0.0)	(14.0, 0.0)	(15.0, 0.0)	(16.0, 0.0)	(17.0, 2.0)	(18.0, 2.0)	(19.0, 11.0)	(20.0, 18.0)	(21.0, 38.0)	(22.0, 64.0)	(23.0, 86.0)	(24.0, 117.0)	(25.0, 211.0)	(26.0, 242.0)	(27.0, 389.0)	(28.0, 469.0)	(29.0, 593.0)	(30.0, 745.0)	(31.0, 953.0)	(32.0, 1166.0)	(33.0, 1546.0)	(34.0, 2272.0)	(35.0, 3682.0)	(36.0, 7649.0)	(37.0, 55487.0)	(38.0, 21041.0)
SRR3667043_2	(2.0, 24.0)	(3.0, 0.0)	(4.0, 0.0)	(5.0, 0.0)	(6.0, 0.0)	(7.0, 0.0)	(8.0, 0.0)	(9.0, 0.0)	(10.0, 0.0)	(11.0, 0.0)	(12.0, 0.0)	(13.0, 0.0)	(14.0, 1.0)	(15.0, 3.0)	(16.0, 32.0)	(17.0, 94.0)	(18.0, 106.0)	(19.0, 79.0)	(20.0, 109.0)	(21.0, 154.0)	(22.0, 194.0)	(23.0, 237.0)	(24.0, 276.0)	(25.0, 346.0)	(26.0, 398.0)	(27.0, 506.0)	(28.0, 576.0)	(29.0, 656.0)	(30.0, 779.0)	(31.0, 963.0)	(32.0, 1265.0)	(33.0, 1693.0)	(34.0, 2587.0)	(35.0, 4096.0)	(36.0, 8069.0)	(37.0, 38019.0)	(38.0, 35560.0)
SRR3667044_1	(2.0, 2.0)	(3.0, 0.0)	(4.0, 0.0)	(5.0, 0.0)	(6.0, 0.0)	(7.0, 0.0)	(8.0, 0.0)	(9.0, 0.0)	(10.0, 0.0)	(11.0, 0.0)	(12.0, 0.0)	(13.0, 0.0)	(14.0, 0.0)	(15.0, 0.0)	(16.0, 0.0)	(17.0, 0.0)	(18.0, 0.0)	(19.0, 12.0)	(20.0, 20.0)	(21.0, 53.0)	(22.0, 96.0)	(23.0, 147.0)	(24.0, 233.0)	(25.0, 375.0)	(26.0, 507.0)	(27.0, 604.0)	(28.0, 816.0)	(29.0, 1043.0)	(30.0, 1324.0)	(31.0, 1612.0)	(32.0, 2142.0)	(33.0, 2809.0)	(34.0, 3945.0)	(35.0, 6182.0)	(36.0, 14822.0)	(37.0, 94519.0)	(38.0, 12891.0)
SRR3667044_2	(15.0, 10.0)	(16.0, 74.0)	(17.0, 159.0)	(18.0, 155.0)	(19.0, 127.0)	(20.0, 149.0)	(21.0, 203.0)	(22.0, 242.0)	(23.0, 322.0)	(24.0, 431.0)	(25.0, 541.0)	(26.0, 687.0)	(27.0, 770.0)	(28.0, 947.0)	(29.0, 1144.0)	(30.0, 1470.0)	(31.0, 1777.0)	(32.0, 2306.0)	(33.0, 3205.0)	(34.0, 4496.0)	(35.0, 6910.0)	(36.0, 13681.0)	(37.0, 70771.0)	(38.0, 33577.0)													
SRR3667045_1	(2.0, 3.0)	(3.0, 0.0)	(4.0, 0.0)	(5.0, 0.0)	(6.0, 0.0)	(7.0, 0.0)	(8.0, 0.0)	(9.0, 0.0)	(10.0, 0.0)	(11.0, 0.0)	(12.0, 0.0)	(13.0, 0.0)	(14.0, 1.0)	(15.0, 0.0)	(16.0, 4.0)	(17.0, 1.0)	(18.0, 3.0)	(19.0, 15.0)	(20.0, 33.0)	(21.0, 93.0)	(22.0, 151.0)	(23.0, 258.0)	(24.0, 399.0)	(25.0, 568.0)	(26.0, 754.0)	(27.0, 1005.0)	(28.0, 1230.0)	(29.0, 1503.0)	(30.0, 1933.0)	(31.0, 2490.0)	(32.0, 3130.0)	(33.0, 4184.0)	(34.0, 6057.0)	(35.0, 9649.0)	(36.0, 23399.0)	(37.0, 156042.0)	(38.0, 23314.0)
SRR3667045_2	(2.0, 3.0)	(3.0, 0.0)	(4.0, 0.0)	(5.0, 0.0)	(6.0, 0.0)	(7.0, 0.0)	(8.0, 0.0)	(9.0, 0.0)	(10.0, 0.0)	(11.0, 0.0)	(12.0, 0.0)	(13.0, 0.0)	(14.0, 3.0)	(15.0, 25.0)	(16.0, 137.0)	(17.0, 334.0)	(18.0, 342.0)	(19.0, 325.0)	(20.0, 283.0)	(21.0, 371.0)	(22.0, 462.0)	(23.0, 555.0)	(24.0, 640.0)	(25.0, 850.0)	(26.0, 1114.0)	(27.0, 1357.0)	(28.0, 1561.0)	(29.0, 1873.0)	(30.0, 2246.0)	(31.0, 2927.0)	(32.0, 3742.0)	(33.0, 4902.0)	(34.0, 7155.0)	(35.0, 11348.0)	(36.0, 23308.0)	(37.0, 115265.0)	(38.0, 55091.0)
