Sample	0	1	2	3	4	5	6	7	8	9	10	11	12	13	14	15
SRR3666996_1	(1.0, 23.824004893607725)	(2.0, 12.896404072180715)	(3.0, 10.861187573731813)	(4.0, 9.570498536286976)	(5.0, 7.97832830864683)	(6.0, 6.889500589854503)	(7.0, 5.456372613273911)	(8.0, 4.02674007078254)	(9.0, 3.436885568226504)	('>10', 14.984925940490236)	('>50', 0.07515183291825053)	('>100', 0.0)	('>500', 0.0)	('>1k', 0.0)	('>5k', 0.0)	('>10k+', 0.0)
SRR3666996_2	(1.0, 6.960283130161226)	(2.0, 1.3387512561716257)	(3.0, 0.8153100013107878)	(4.0, 0.6047100974352252)	(5.0, 0.5374229912177219)	(6.0, 0.32507537029754885)	(7.0, 0.33031852143138024)	(8.0, 0.2726438589592345)	(9.0, 0.2674007078254031)	('>10', 8.58216454755975)	('>50', 4.942543802158431)	('>100', 39.093808712369466)	('>500', 28.375060077773405)	('>1k', 7.5545069253287895)	('>5k', 0.0)	('>10k+', 0.0)
SRR3666997_1	(1.0, 38.62854505789562)	(2.0, 17.02466856855177)	(3.0, 10.968702802483639)	(4.0, 6.9306930693069315)	(5.0, 4.803658331934888)	(6.0, 2.9073670078872293)	(7.0, 2.6724282597751303)	(8.0, 1.409632488672596)	(9.0, 1.0572243665044472)	('>10', 7.918694411814063)	('>50', 1.0278570229904347)	('>100', 4.650528612183252)	('>500', 0.0)	('>1k', 0.0)	('>5k', 0.0)	('>10k+', 0.0)
SRR3666997_2	(1.0, 8.09070313811042)	(2.0, 1.5564692062426582)	(3.0, 0.7992112770599094)	(4.0, 0.6460815573082732)	(5.0, 0.6502768920959893)	(6.0, 0.7299882530625944)	(7.0, 0.5432958550092297)	(8.0, 0.6041282094311126)	(9.0, 0.39645913743916766)	('>10', 13.871874475583152)	('>50', 13.993539184426918)	('>100', 45.45645242490351)	('>500', 12.66152038932707)	('>1k', 0.0)	('>5k', 0.0)	('>10k+', 0.0)
SRR3666998_1	(1.0, 20.665679897168232)	(2.0, 11.093366571884859)	(3.0, 8.523351380828109)	(4.0, 6.632649086589024)	(5.0, 5.698593853464729)	(6.0, 4.64846336618237)	(7.0, 3.811786701982628)	(8.0, 3.275036030070502)	(9.0, 2.892143497059167)	('>10', 22.21555720017139)	('>50', 2.582869162154793)	('>100', 4.784403848401044)	('>500', 2.035991119074514)	('>1k', 1.1401082849686441)	('>5k', 0.0)	('>10k+', 0.0)
SRR3666998_2	(1.0, 4.998247185759358)	(2.0, 1.090639971954972)	(3.0, 0.604136641607915)	(4.0, 0.38172399018424025)	(5.0, 0.3427725626144198)	(6.0, 0.3131694776613563)	(7.0, 0.23176099404043157)	(8.0, 0.24617302224126514)	(9.0, 0.2243602228021657)	('>10', 6.156662641685818)	('>50', 4.702216336228723)	('>100', 21.45989950531687)	('>500', 20.671133097028004)	('>1k', 38.57710435087446)	('>5k', 0.0)	('>10k+', 0.0)
SRR3666999_1	(1.0, 20.389241306183845)	(2.0, 10.202634807321239)	(3.0, 7.0037543230197326)	(4.0, 5.639498683829286)	(5.0, 4.605056314845296)	(6.0, 3.9244696787557096)	(7.0, 3.5126654460493305)	(8.0, 2.7815279909748294)	(9.0, 2.541103364095356)	('>10', 26.888103912756684)	('>50', 2.5657623001855585)	('>100', 5.182691892758287)	('>500', 1.8099659090208553)	('>1k', 2.953524070203991)	('>5k', 0.0)	('>10k+', 0.0)
SRR3666999_2	(1.0, 3.388137818793808)	(2.0, 0.6386664447362418)	(3.0, 0.2385752066727081)	(4.0, 0.18740791428553816)	(5.0, 0.12637704746228726)	(6.0, 0.11096521240591074)	(7.0, 0.13809004210513337)	(8.0, 0.08384038270668812)	(9.0, 0.1054169517856152)	('>10', 6.098771368509306)	('>50', 5.624703322175165)	('>100', 24.268708426574936)	('>500', 13.085264436265899)	('>1k', 33.36723937045736)	('>5k', 12.537836055063403)	('>10k+', 0.0)
SRR3667000_1	(1.0, 12.499041103926285)	(2.0, 7.477133148924457)	(3.0, 6.24478247724596)	(4.0, 5.689299622307758)	(5.0, 5.126145598779833)	(6.0, 4.673095406774996)	(7.0, 4.396933337544955)	(8.0, 3.8446091990848745)	(9.0, 3.366740520466226)	('>10', 41.71310731964857)	('>50', 4.599091192144724)	('>100', 0.3700210731513612)	('>500', 0.0)	('>1k', 0.0)	('>5k', 0.0)	('>10k+', 0.0)
SRR3667000_2	(1.0, 4.907291671367138)	(2.0, 1.1470653267692197)	(3.0, 0.5225419545235076)	(4.0, 0.3700210731513612)	(5.0, 0.1850105365756806)	(6.0, 0.2138902300899332)	(7.0, 0.13266609208109778)	(8.0, 0.11190881236772875)	(9.0, 0.10153017251104424)	('>10', 2.385282186192799)	('>50', 1.9633679137580153)	('>100', 11.5239002026091)	('>500', 14.933960263346705)	('>1k', 61.50156356465667)	('>5k', 0.0)	('>10k+', 0.0)
SRR3667001_1	(1.0, 16.446787610509432)	(2.0, 9.477388309314499)	(3.0, 7.753379008492596)	(4.0, 7.015406040560536)	(5.0, 5.558111485520311)	(6.0, 5.050793927110404)	(7.0, 4.434676647227783)	(8.0, 3.6606443430361963)	(9.0, 3.1502182211556393)	('>10', 35.303333623465925)	('>50', 2.1492607836066795)	('>100', 0.0)	('>500', 0.0)	('>1k', 0.0)	('>5k', 0.0)	('>10k+', 0.0)
SRR3667001_2	(1.0, 3.6258284321649277)	(2.0, 0.7137261728609975)	(3.0, 0.4345771731967223)	(4.0, 0.27604043619362617)	(5.0, 0.18962237170958557)	(6.0, 0.1156385611081407)	(7.0, 0.1218556880494386)	(8.0, 0.12434253882595775)	(9.0, 0.0727403852131853)	('>10', 3.349787995971302)	('>50', 2.5471569078497445)	('>100', 19.510587767181033)	('>500', 16.633301418748367)	('>1k', 52.28479415092697)	('>5k', 0.0)	('>10k+', 0.0)
SRR3667002_1	(1.0, 16.00791471490874)	(2.0, 7.108706186399612)	(3.0, 5.170408657728961)	(4.0, 4.13826522371184)	(5.0, 3.602002907446293)	(6.0, 3.106121789694718)	(7.0, 3.165885963495397)	(8.0, 3.366176708124697)	(9.0, 3.379906315619448)	('>10', 50.403811985139725)	('>50', 0.5507995477305767)	('>100', 0.0)	('>500', 0.0)	('>1k', 0.0)	('>5k', 0.0)	('>10k+', 0.0)
SRR3667002_2	(1.0, 4.006622516556291)	(2.0, 0.923921821999677)	(3.0, 0.5233403327410757)	(4.0, 0.2681311581327734)	(5.0, 0.22613471167824262)	(6.0, 0.1938297528670651)	(7.0, 0.1922145049265062)	(8.0, 0.12275884348247457)	(9.0, 0.1744467775803586)	('>10', 4.738329833629463)	('>50', 3.6746890647714423)	('>100', 22.02632854143111)	('>500', 20.437732191891456)	('>1k', 42.49151994831207)	('>5k', 0.0)	('>10k+', 0.0)
SRR3667003_1	(1.0, 18.430443758101426)	(2.0, 12.611819680263729)	(3.0, 11.69005745011122)	(4.0, 10.613067899950392)	(5.0, 8.845556817999968)	(6.0, 7.321288546784234)	(7.0, 6.357118852918113)	(8.0, 4.781641568916129)	(9.0, 4.212741442493879)	('>10', 15.136263982460912)	('>50', 0.0)	('>100', 0.0)	('>500', 0.0)	('>1k', 0.0)	('>5k', 0.0)	('>10k+', 0.0)
SRR3667003_2	(1.0, 4.377570452399622)	(2.0, 0.9393653282977804)	(3.0, 0.40807182064043274)	(4.0, 0.20803661444414218)	(5.0, 0.1800316855766615)	(6.0, 0.21123717774328282)	(7.0, 0.1288226727904111)	(8.0, 0.14722591176046984)	(9.0, 0.22323929011506027)	('>10', 4.512794251788315)	('>50', 2.4604330362143734)	('>100', 31.385523852197988)	('>500', 23.784186016738946)	('>1k', 31.033461889292514)	('>5k', 0.0)	('>10k+', 0.0)
SRR3667004_1	(1.0, 18.449092870676413)	(2.0, 9.276774515746576)	(3.0, 6.8346352230749)	(4.0, 5.289903968952884)	(5.0, 4.359329193209587)	(6.0, 3.6529158136715574)	(7.0, 3.2770261254770103)	(8.0, 2.8271784256092958)	(9.0, 2.4154534121710487)	('>10', 27.74492872963772)	('>50', 6.180449923945241)	('>100', 5.327645428518057)	('>500', 1.6701548924749627)	('>1k', 2.69451147683475)	('>5k', 0.0)	('>10k+', 0.0)
SRR3667004_2	(1.0, 5.403509574512697)	(2.0, 1.0590482290106018)	(3.0, 0.5970012694854582)	(4.0, 0.4269740880100339)	(5.0, 0.33166737193636564)	(6.0, 0.356828344979814)	(7.0, 0.2508472767058949)	(8.0, 0.2226364887480891)	(9.0, 0.2916385511854249)	('>10', 5.395885037226803)	('>50', 5.343275729954138)	('>100', 20.659446229856925)	('>500', 10.166176790146048)	('>1k', 38.05635295508004)	('>5k', 11.438712063161667)	('>10k+', 0.0)
SRR3667005_1	(1.0, 18.08081017272087)	(2.0, 5.258252909746096)	(3.0, 3.1468748705628964)	(4.0, 2.6591558629830594)	(5.0, 2.728534150685499)	(6.0, 2.926314045479021)	(7.0, 3.2255726297477527)	(8.0, 3.2307501139046515)	(9.0, 3.606635463695481)	('>10', 53.98252081348631)	('>50', 1.154578966988361)	('>100', 0.0)	('>500', 0.0)	('>1k', 0.0)	('>5k', 0.0)	('>10k+', 0.0)
SRR3667005_2	(1.0, 6.498778113738972)	(2.0, 1.1183365778900718)	(3.0, 0.7797291140289111)	(4.0, 0.5218904030153668)	(5.0, 0.4452636374932693)	(6.0, 0.27958414447251795)	(7.0, 0.36967236880255144)	(8.0, 0.3893468085987657)	(9.0, 0.27958414447251795)	('>10', 5.534730563724475)	('>50', 2.294660978337406)	('>100', 9.224205773930331)	('>500', 1.2291347388476992)	('>1k', 60.33840036449488)	('>5k', 10.696682268152259)	('>10k+', 0.0)
SRR3667006_1	(1.0, 20.57930237758068)	(2.0, 13.691585302228514)	(3.0, 12.244726839084743)	(4.0, 10.583587985391667)	(5.0, 8.63643139300887)	(6.0, 7.423418051725424)	(7.0, 5.6607289259894165)	(8.0, 4.740254900499367)	(9.0, 3.2784899754043377)	('>10', 13.161474249086979)	('>50', 0.0)	('>100', 0.0)	('>500', 0.0)	('>1k', 0.0)	('>5k', 0.0)	('>10k+', 0.0)
SRR3667006_2	(1.0, 4.3843631214131324)	(2.0, 0.8124021763434448)	(3.0, 0.3745248565253037)	(4.0, 0.2645896996347917)	(5.0, 0.172355966311396)	(6.0, 0.16769769695162853)	(7.0, 0.13043154207348887)	(8.0, 0.17887754341507045)	(9.0, 0.14254304240888424)	('>10', 4.240888425132295)	('>50', 3.997726764552433)	('>100', 30.043974062756206)	('>500', 37.42733099798763)	('>1k', 17.662294104494297)	('>5k', 0.0)	('>10k+', 0.0)
SRR3667007_1	(1.0, 15.473291200386443)	(2.0, 8.856976088881732)	(3.0, 7.091820304323323)	(4.0, 6.394412688189356)	(5.0, 5.801666532485307)	(6.0, 4.9935592947427745)	(7.0, 4.723351581998228)	(8.0, 4.2951453184123665)	(9.0, 3.867442234924724)	('>10', 36.143929635295066)	('>50', 2.3050680299492794)	('>100', 0.05333709041140005)	('>500', 0.0)	('>1k', 0.0)	('>5k', 0.0)	('>10k+', 0.0)
SRR3667007_2	(1.0, 3.573585057563803)	(2.0, 0.6943885355446422)	(3.0, 0.3456847274776588)	(4.0, 0.20731020046695112)	(5.0, 0.19120843732388695)	(6.0, 0.11170598180500765)	(7.0, 0.14441268818935674)	(8.0, 0.09258513807261895)	(9.0, 0.1268013847516303)	('>10', 2.774535061589244)	('>50', 2.0590129619193305)	('>100', 21.257346429434023)	('>500', 15.446622655180741)	('>1k', 41.15258433298446)	('>5k', 11.822216407696642)	('>10k+', 0.0)
SRR3667008_1	(1.0, 23.849420406289454)	(2.0, 10.652838496290808)	(3.0, 7.722003693540477)	(4.0, 5.892970795989274)	(5.0, 4.627359327233079)	(6.0, 4.882985716223407)	(7.0, 4.236094446125435)	(8.0, 3.9397765094999113)	(9.0, 3.32418642989055)	('>10', 30.511357115282284)	('>50', 0.24414928581117037)	('>100', 0.11685777782414991)	('>500', 0.0)	('>1k', 0.0)	('>5k', 0.0)	('>10k+', 0.0)
SRR3667008_2	(1.0, 6.725582462986342)	(2.0, 1.462808968834448)	(3.0, 0.7261876193357888)	(4.0, 0.5008190478177853)	(5.0, 0.5008190478177853)	(6.0, 0.43195642874283985)	(7.0, 0.3797877779284872)	(8.0, 0.3004914286906712)	(9.0, 0.2253685715180034)	('>10', 7.352649645774862)	('>50', 5.914881629331302)	('>100', 23.2651315171687)	('>500', 20.726604968542304)	('>1k', 31.486910885510678)	('>5k', 0.0)	('>10k+', 0.0)
SRR3667009_1	(1.0, 19.40119760479042)	(2.0, 11.1604104566198)	(3.0, 9.200453718114431)	(4.0, 7.561265134928381)	(5.0, 6.4338283784853205)	(6.0, 5.1533936532221905)	(7.0, 4.335645888839061)	(8.0, 3.6719512516816586)	(9.0, 3.176554380226331)	('>10', 29.04376269487457)	('>50', 0.8615368382178374)	('>100', 0.0)	('>500', 0.0)	('>1k', 0.0)	('>5k', 0.0)	('>10k+', 0.0)
SRR3667009_2	(1.0, 4.708116806035506)	(2.0, 0.9369806642222164)	(3.0, 0.6141021920915878)	(4.0, 0.5043657179034002)	(5.0, 0.37721913002189456)	(6.0, 0.21525231475375242)	(7.0, 0.22158326518768628)	(8.0, 0.16882534490490383)	(9.0, 0.19942493866891767)	('>10', 3.893534516869345)	('>50', 2.955498694241473)	('>100', 18.267429897913424)	('>500', 15.505552771109762)	('>1k', 39.010261415495)	('>5k', 12.421852330581128)	('>10k+', 0.0)
SRR3667010_1	(1.0, 28.328029060983056)	(2.0, 15.816375735365028)	(3.0, 10.19191821776449)	(4.0, 6.907769955315524)	(5.0, 5.018163114411547)	(6.0, 3.6686276400810103)	(7.0, 2.938888353103803)	(8.0, 2.5923425595525122)	(9.0, 2.0831324139261262)	('>10', 22.081846529719996)	('>50', 0.3729064197768991)	('>100', 0.0)	('>500', 0.0)	('>1k', 0.0)	('>5k', 0.0)	('>10k+', 0.0)
SRR3667010_2	(1.0, 4.593178384286495)	(2.0, 0.690519818690327)	(3.0, 0.2603915517407658)	(4.0, 0.19031086250683127)	(5.0, 0.13180313112804193)	(6.0, 0.14273314688012345)	(7.0, 0.16202140997203202)	(8.0, 0.16973671520879544)	(9.0, 0.11572957855145144)	('>10', 8.590992381136079)	('>50', 6.2403960523354876)	('>100', 22.690712701321246)	('>500', 25.19304336644485)	('>1k', 30.82843089979747)	('>5k', 0.0)	('>10k+', 0.0)
SRR3667011_1	(1.0, 24.98233747582261)	(2.0, 12.741339572161545)	(3.0, 9.443948992946574)	(4.0, 7.0256309285275815)	(5.0, 5.628843770630407)	(6.0, 4.6594317879107265)	(7.0, 3.6969689950313294)	(8.0, 3.122502634901148)	(9.0, 2.2306899387313095)	('>10', 17.333595858282855)	('>50', 2.3575126533165007)	('>100', 4.320079684043502)	('>500', 1.8009983669403877)	('>1k', 0.6561193407535238)	('>5k', 0.0)	('>10k+', 0.0)
SRR3667011_2	(1.0, 4.959405149349672)	(2.0, 1.1026047879918)	(3.0, 0.5507232948425429)	(4.0, 0.38683823444250126)	(5.0, 0.28086308937816334)	(6.0, 0.2849167834516626)	(7.0, 0.3080807495859441)	(8.0, 0.24090524779652772)	(9.0, 0.2970778656721604)	('>10', 7.778459827891732)	('>50', 4.509445107191254)	('>100', 28.050404790308196)	('>500', 25.025769912324385)	('>1k', 26.224505159773457)	('>5k', 0.0)	('>10k+', 0.0)
SRR3667012_1	(1.0, 24.40690897055441)	(2.0, 11.605454922837861)	(3.0, 7.3627994906345196)	(4.0, 5.318044889235447)	(5.0, 3.971704410947992)	(6.0, 3.26150980865136)	(7.0, 2.7134370389485083)	(8.0, 2.2259495907685922)	(9.0, 2.1053399229220076)	('>10', 35.9781444062358)	('>50', 1.0507065482635014)	('>100', 0.0)	('>500', 0.0)	('>1k', 0.0)	('>5k', 0.0)	('>10k+', 0.0)
SRR3667012_2	(1.0, 3.913923965421489)	(2.0, 0.7584384694352663)	(3.0, 0.4291460274541263)	(4.0, 0.28273150044036555)	(5.0, 0.269268095657491)	(6.0, 0.28946320283180277)	(7.0, 0.23953641009530965)	(8.0, 0.2513168892803249)	(9.0, 0.30797538440825534)	('>10', 7.412165308171725)	('>50', 4.041826310858797)	('>100', 20.526082541890823)	('>500', 18.4420596765417)	('>1k', 30.77341650725621)	('>5k', 12.06264971025631)	('>10k+', 0.0)
SRR3667013_1	(1.0, 14.051245312007735)	(2.0, 8.017815449550945)	(3.0, 6.443858460396445)	(4.0, 5.260046005981641)	(5.0, 4.695544842884825)	(6.0, 4.10169652451998)	(7.0, 3.6765943489463075)	(8.0, 3.0728197868878637)	(9.0, 2.7305801673651002)	('>10', 33.513588164464906)	('>50', 12.770759875533535)	('>100', 1.6654510614607116)	('>500', 0.0)	('>1k', 0.0)	('>5k', 0.0)	('>10k+', 0.0)
SRR3667013_2	(1.0, 2.973557349951879)	(2.0, 0.6887949971731785)	(3.0, 0.4220811448843161)	(4.0, 0.22614572588893828)	(5.0, 0.18773547855283998)	(6.0, 0.1942091157443172)	(7.0, 0.16615668791458252)	(8.0, 0.1346516535827266)	(9.0, 0.12429383407636303)	('>10', 2.8583266079435843)	('>50', 2.368919636267905)	('>100', 11.551989780284753)	('>500', 11.221402707706648)	('>1k', 36.11210613312388)	('>5k', 25.357236879016355)	('>10k+', 5.412392267887738)
SRR3667014_1	(1.0, 22.021471966089827)	(2.0, 11.421666642691717)	(3.0, 8.067091502797878)	(4.0, 6.160603401566044)	(5.0, 4.859722561867361)	(6.0, 4.039299739632033)	(7.0, 3.3699191085154236)	(8.0, 2.784930304817527)	(9.0, 2.641080598990175)	('>10', 23.368384711653263)	('>50', 3.231343891901741)	('>100', 4.708200871729217)	('>500', 2.298718299121078)	('>1k', 1.027566398626715)	('>5k', 0.0)	('>10k+', 0.0)
SRR3667014_2	(1.0, 4.988228299073128)	(2.0, 0.9455720663051245)	(3.0, 0.45456507041443095)	(4.0, 0.3375673096748517)	(5.0, 0.3380468086942762)	(6.0, 0.32222334105326755)	(7.0, 0.2920149028295237)	(8.0, 0.3107153645870794)	(9.0, 0.2546139793144123)	('>10', 5.9659267996796945)	('>50', 6.33897703679196)	('>100', 26.366692080114696)	('>500', 13.974998921127208)	('>1k', 39.10985802034035)	('>5k', 0.0)	('>10k+', 0.0)
SRR3667015_1	(1.0, 16.3762134814612)	(2.0, 11.490341046153043)	(3.0, 10.286150175054276)	(4.0, 9.16149979462906)	(5.0, 7.820394964174181)	(6.0, 6.000743247207933)	(7.0, 5.202730455532302)	(8.0, 4.198694753587471)	(9.0, 3.438496293543529)	('>10', 25.488163462228048)	('>50', 0.37488346014173857)	('>100', 0.1616888662872194)	('>500', 0.0)	('>1k', 0.0)	('>5k', 0.0)	('>10k+', 0.0)
SRR3667015_2	(1.0, 3.5284683239775463)	(2.0, 0.7562866326337683)	(3.0, 0.38140317249202965)	(4.0, 0.25296483919129487)	(5.0, 0.1858118019832965)	(6.0, 0.14473761417646255)	(7.0, 0.1049673688396868)	(8.0, 0.135610016886055)	(9.0, 0.09975159895945392)	('>10', 2.03741010946597)	('>50', 2.4918340602812603)	('>100', 15.174630495302546)	('>500', 15.653829353048943)	('>1k', 55.36278939373195)	('>5k', 3.6895052190297366)	('>10k+', 0.0)
SRR3667016_1	(1.0, 12.974924425306106)	(2.0, 6.138187512233314)	(3.0, 5.2156325438768185)	(4.0, 4.75152780496292)	(5.0, 4.134316348056806)	(6.0, 4.011222026489202)	(7.0, 3.3157173615188884)	(8.0, 3.124768926295644)	(9.0, 2.932080642004306)	('>10', 36.33718274939649)	('>50', 5.982036058371936)	('>100', 5.560557621626324)	('>500', 1.7842152193297232)	('>1k', 3.737630760531524)	('>5k', 0.0)	('>10k+', 0.0)
SRR3667016_2	(1.0, 3.491877079663339)	(2.0, 0.9160305343511451)	(3.0, 0.546747569648333)	(4.0, 0.41930362541049565)	(5.0, 0.2870750962354016)	(6.0, 0.2166112089776212)	(7.0, 0.2131315108414345)	(8.0, 0.18790369935408102)	(9.0, 0.21139166177334118)	('>10', 3.3866162110436924)	('>50', 3.941193101498445)	('>100', 7.33476870881451)	('>500', 9.351253778734694)	('>1k', 49.01111328592245)	('>5k', 20.484982927731018)	('>10k+', 0.0)
SRR3667017_1	(1.0, 14.503707066121954)	(2.0, 8.396126494174611)	(3.0, 7.142532909668634)	(4.0, 6.600090785292783)	(5.0, 5.515206536541081)	(6.0, 5.011348161597821)	(7.0, 4.432591920108942)	(8.0, 3.9279770010591615)	(9.0, 3.3227417158420334)	('>10', 36.696171886821)	('>50', 1.9064911484339537)	('>100', 1.5539415947949764)	('>500', 0.9910727795430474)	('>1k', 0.0)	('>5k', 0.0)	('>10k+', 0.0)
SRR3667017_2	(1.0, 5.551520653654108)	(2.0, 1.3042820396429111)	(3.0, 0.7875624148887881)	(4.0, 0.5779996973823573)	(5.0, 0.45770918444545317)	(6.0, 0.32228778937812075)	(7.0, 0.2436072022998941)	(8.0, 0.32077470116507795)	(9.0, 0.19064911484339536)	('>10', 3.649568769859283)	('>50', 2.1145407777273415)	('>100', 10.923740354062641)	('>500', 17.442880919957634)	('>1k', 56.112876380693)	('>5k', 0.0)	('>10k+', 0.0)
SRR3667018_1	(1.0, 30.35614077280744)	(2.0, 15.127465127465129)	(3.0, 10.48881673881674)	(4.0, 7.138848805515472)	(5.0, 5.095598845598846)	(6.0, 3.505291005291005)	(7.0, 2.76374859708193)	(8.0, 2.3248356581689915)	(9.0, 2.317821067821068)	('>10', 18.159772326438993)	('>50', 1.4680535513868846)	('>100', 0.7315215648548982)	('>500', 0.5220859387526054)	('>1k', 0.0)	('>5k', 0.0)	('>10k+', 0.0)
SRR3667018_2	(1.0, 5.379188712522046)	(2.0, 0.9820426487093155)	(3.0, 0.6613756613756614)	(4.0, 0.6052589385922719)	(5.0, 0.49102132435465773)	(6.0, 0.42087542087542085)	(7.0, 0.4629629629629629)	(8.0, 0.33670033670033667)	(9.0, 0.2795815295815296)	('>10', 6.9093714927048255)	('>50', 4.399150232483566)	('>100', 31.762065095398427)	('>500', 14.046216129549464)	('>1k', 33.26418951418951)	('>5k', 0.0)	('>10k+', 0.0)
SRR3667019_1	(1.0, 14.810338380652741)	(2.0, 7.274485290507288)	(3.0, 5.557842733635241)	(4.0, 4.706131190016657)	(5.0, 3.869527611695076)	(6.0, 3.3902274126476333)	(7.0, 3.0510535917298998)	(8.0, 2.619721182500444)	(9.0, 2.226536385645922)	('>10', 32.78768398668988)	('>50', 8.127329931523148)	('>100', 6.913027220776474)	('>500', 1.253205721386458)	('>1k', 3.4128893605931387)	('>5k', 0.0)	('>10k+', 0.0)
SRR3667019_2	(1.0, 5.463040251396543)	(2.0, 1.241874747413705)	(3.0, 0.7342471134343804)	(4.0, 0.48496568603381923)	(5.0, 0.34937169749321084)	(6.0, 0.2764757649351679)	(7.0, 0.23266266557385715)	(8.0, 0.21755470027685345)	(9.0, 0.21415540808502764)	('>10', 4.997337221116403)	('>50', 3.6927644177201326)	('>100', 20.05355773697788)	('>500', 14.06589339064288)	('>1k', 23.22849664414321)	('>5k', 20.85692379164605)	('>10k+', 3.890678763110881)
SRR3667020_1	(1.0, 25.179732035873787)	(2.0, 15.478740786463819)	(3.0, 10.857448894375658)	(4.0, 7.788388221197487)	(5.0, 5.523583021676773)	(6.0, 4.863657819251298)	(7.0, 4.073018408917614)	(8.0, 3.1807123924331)	(9.0, 2.818525108020769)	('>10', 17.682727569805017)	('>50', 0.8378417631894267)	('>100', 1.7156239787952505)	('>500', 0.0)	('>1k', 0.0)	('>5k', 0.0)	('>10k+', 0.0)
SRR3667020_2	(1.0, 8.569042518427072)	(2.0, 1.390653934134563)	(3.0, 0.6454014015467847)	(4.0, 0.42119022548200863)	(5.0, 0.3585563341926582)	(6.0, 0.27776769180494537)	(7.0, 0.2223957009549399)	(8.0, 0.23238081405903924)	(9.0, 0.22874986383936677)	('>10', 4.812824516175883)	('>50', 4.663047819614393)	('>100', 30.080607094876726)	('>500', 18.97262263534367)	('>1k', 29.12475944954795)	('>5k', 0.0)	('>10k+', 0.0)
SRR3667021_1	(1.0, 20.437211619438482)	(2.0, 9.111936138161719)	(3.0, 6.156072449500042)	(4.0, 4.414817274959375)	(5.0, 3.5198737945840795)	(6.0, 2.7008433463413475)	(7.0, 2.1338678876012667)	(8.0, 1.8171682066732298)	(9.0, 1.45183673953527)	('>10', 26.22913874292763)	('>50', 10.82946849016096)	('>100', 7.042712941985838)	('>500', 0.6677974545411413)	('>1k', 3.4872549135896187)	('>5k', 0.0)	('>10k+', 0.0)
SRR3667021_2	(1.0, 4.295017021125173)	(2.0, 0.8836751396681177)	(3.0, 0.6049319748063625)	(4.0, 0.47208416857437696)	(5.0, 0.45073362828709357)	(6.0, 0.39854341869595644)	(7.0, 0.34457399741421235)	(8.0, 0.29890756402196733)	(9.0, 0.3522839147401758)	('>10', 7.102019998339403)	('>50', 5.317470672660633)	('>100', 20.283606343482745)	('>500', 8.383052415576406)	('>1k', 20.204727958532505)	('>5k', 30.608371784074865)	('>10k+', 0.0)
SRR3667022_1	(1.0, 19.38412847764258)	(2.0, 9.865064260205719)	(3.0, 7.01452002651669)	(4.0, 5.541132946988004)	(5.0, 4.377392382866796)	(6.0, 3.818403438616)	(7.0, 3.263263691379937)	(8.0, 2.8261659859290464)	(9.0, 2.409597331223403)	('>10', 26.225434638496246)	('>50', 5.957701601693647)	('>100', 5.359365310181126)	('>500', 1.9844749053739068)	('>1k', 1.973355002886898)	('>5k', 0.0)	('>10k+', 0.0)
SRR3667022_2	(1.0, 4.466351602762868)	(2.0, 0.9537454825396147)	(3.0, 0.5093770716164489)	(4.0, 0.37978743878707527)	(5.0, 0.26944379103137095)	(6.0, 0.2591792656587473)	(7.0, 0.21854885272544533)	(8.0, 0.21213352436755556)	(9.0, 0.20785663879562905)	('>10', 6.103971088253534)	('>50', 4.783696512199817)	('>100', 21.396830827791202)	('>500', 12.285353805358938)	('>1k', 35.59865705793042)	('>5k', 12.355067040181341)	('>10k+', 0.0)
SRR3667023_1	(1.0, 23.132987006301665)	(2.0, 11.415064796901074)	(3.0, 8.39978894355956)	(4.0, 6.396897641916152)	(5.0, 5.11554482161012)	(6.0, 4.187668641388511)	(7.0, 3.57337428629034)	(8.0, 2.9547901661426)	(9.0, 2.393688897659075)	('>10', 20.82595136264387)	('>50', 3.150403452402912)	('>100', 5.233942336978203)	('>500', 1.912806235602476)	('>1k', 1.3070914106034413)	('>5k', 0.0)	('>10k+', 0.0)
SRR3667023_2	(1.0, 5.6376092281425745)	(2.0, 1.1436513622148914)	(3.0, 0.6498994050095876)	(4.0, 0.4615787193335421)	(5.0, 0.4161072098081188)	(6.0, 0.3448971099852861)	(7.0, 0.31529773114326526)	(8.0, 0.2814085872516762)	(9.0, 0.2509512553997418)	('>10', 7.085404932371854)	('>50', 4.636378065573349)	('>100', 23.484318763861303)	('>500', 18.952181988992464)	('>1k', 36.340315640912344)	('>5k', 0.0)	('>10k+', 0.0)
SRR3667024_1	(1.0, 9.87215318593749)	(2.0, 4.6968834541024185)	(3.0, 4.261347284134588)	(4.0, 3.9780249298089654)	(5.0, 3.7094123139697746)	(6.0, 3.7222033909144985)	(7.0, 3.1338138514572234)	(8.0, 2.8038040662833605)	(9.0, 2.722580727684367)	('>10', 46.3343971245659)	('>50', 9.651507108641013)	('>100', 3.344866621045159)	('>500', 0.8346177706431992)	('>1k', 0.9343881708120415)	('>5k', 0.0)	('>10k+', 0.0)
SRR3667024_2	(1.0, 3.8149386987637426)	(2.0, 0.9414232631316393)	(3.0, 0.5084453085527536)	(4.0, 0.3581501544522541)	(5.0, 0.2622170773668289)	(6.0, 0.2302393850050205)	(7.0, 0.18355195415678024)	(8.0, 0.18930793878190574)	(9.0, 0.18994749262914193)	('>10', 2.115644126657244)	('>50', 1.266956171374849)	('>100', 7.09840815047423)	('>500', 9.916282401396785)	('>1k', 39.819262082771054)	('>5k', 16.994224828759457)	('>10k+', 16.111000965726312)
SRR3667025_1	(1.0, 16.842401500938088)	(2.0, 9.787992495309568)	(3.0, 7.470450281425892)	(4.0, 6.056285178236398)	(5.0, 4.962476547842401)	(6.0, 4.215759849906191)	(7.0, 3.651031894934334)	(8.0, 3.106941838649156)	(9.0, 2.99296435272045)	('>10', 39.61913696060038)	('>50', 1.2945590994371483)	('>100', 0.0)	('>500', 0.0)	('>1k', 0.0)	('>5k', 0.0)	('>10k+', 0.0)
SRR3667025_2	(1.0, 3.8334896810506565)	(2.0, 0.7804878048780488)	(3.0, 0.401031894934334)	(4.0, 0.23639774859287055)	(5.0, 0.1805816135084428)	(6.0, 0.15478424015009382)	(7.0, 0.1575984990619137)	(8.0, 0.13133208255159476)	(9.0, 0.16463414634146342)	('>10', 3.693245778611632)	('>50', 3.7598499061913695)	('>100', 18.41838649155722)	('>500', 10.522045028142589)	('>1k', 57.56613508442777)	('>5k', 0.0)	('>10k+', 0.0)
SRR3667026_1	(1.0, 19.230671912756346)	(2.0, 11.17999063800716)	(3.0, 8.871753349442708)	(4.0, 7.623698493225206)	(5.0, 6.347810685323179)	(6.0, 5.932214111306504)	(7.0, 5.22057614209987)	(8.0, 4.35712207279582)	(9.0, 3.985172627557152)	('>10', 27.20924053995926)	('>50', 0.041749427526789215)	('>100', 0.0)	('>500', 0.0)	('>1k', 0.0)	('>5k', 0.0)	('>10k+', 0.0)
SRR3667026_2	(1.0, 5.517882671457308)	(2.0, 1.155067494907835)	(3.0, 0.535151752843389)	(4.0, 0.3314651518793568)	(5.0, 0.26251533975178065)	(6.0, 0.18977012512176916)	(7.0, 0.1328390875852384)	(8.0, 0.11639234340801842)	(9.0, 0.0683172450438369)	('>10', 4.772086079728755)	('>50', 4.055387573852207)	('>100', 24.42531280442291)	('>500', 12.953076173728222)	('>1k', 45.48473615626937)	('>5k', 0.0)	('>10k+', 0.0)
SRR3667027_1	(1.0, 18.716792636384046)	(2.0, 10.774152510663773)	(3.0, 9.412182893062935)	(4.0, 8.781710693706502)	(5.0, 7.459964079922172)	(6.0, 6.6676644466063015)	(7.0, 5.873493975903615)	(8.0, 5.028810895756941)	(9.0, 3.9568210731123252)	('>10', 20.42767342662576)	('>50', 0.6052158946344384)	('>100', 2.295517473621193)	('>500', 0.0)	('>1k', 0.0)	('>5k', 0.0)	('>10k+', 0.0)
SRR3667027_2	(1.0, 5.287921873830727)	(2.0, 1.0345730749083288)	(3.0, 0.5079323505200928)	(4.0, 0.41158422509915443)	(5.0, 0.3040110753573299)	(6.0, 0.1627628526528474)	(7.0, 0.21608171817705607)	(8.0, 0.22450048641772055)	(9.0, 0.18521290129461948)	('>10', 5.895008605851979)	('>50', 3.8876000898001943)	('>100', 35.58426251590212)	('>500', 21.49311531841652)	('>1k', 24.80543291177131)	('>5k', 0.0)	('>10k+', 0.0)
SRR3667028_1	(1.0, 19.559832013183776)	(2.0, 10.498112806336717)	(3.0, 8.787411620860135)	(4.0, 7.837967146882144)	(5.0, 7.282972728722556)	(6.0, 6.851310403487321)	(7.0, 5.916750837276062)	(8.0, 4.9673063632980705)	(9.0, 4.2677156982616555)	('>10', 21.22587847536016)	('>50', 0.4922651639997873)	('>100', 2.312476742331614)	('>500', 0.0)	('>1k', 0.0)	('>5k', 0.0)	('>10k+', 0.0)
SRR3667028_2	(1.0, 5.627558343522407)	(2.0, 1.046196374461751)	(3.0, 0.47206421774493645)	(4.0, 0.2381585242677157)	(5.0, 0.138217000691085)	(6.0, 0.10206793897187816)	(7.0, 0.10419435436712562)	(8.0, 0.11907926213385785)	(9.0, 0.07655095422890862)	('>10', 3.8594439423741425)	('>50', 6.236776354260805)	('>100', 31.745255435649355)	('>500', 31.36037424910956)	('>1k', 18.87406304821647)	('>5k', 0.0)	('>10k+', 0.0)
SRR3667029_1	(1.0, 15.751544269045986)	(2.0, 9.136750101550572)	(3.0, 7.049010407182776)	(4.0, 5.524351126861177)	(5.0, 4.5592705167173255)	(6.0, 3.903744064544143)	(7.0, 3.564074909304834)	(8.0, 3.266426680486882)	(9.0, 3.0822349530065973)	('>10', 39.428235261160054)	('>50', 2.0015967952040117)	('>100', 1.7690810023391648)	('>500', 0.963679912596473)	('>1k', 0.0)	('>5k', 0.0)	('>10k+', 0.0)
SRR3667029_2	(1.0, 3.395991203619402)	(2.0, 0.932864566554144)	(3.0, 0.5714845993304666)	(4.0, 0.3669827574131918)	(5.0, 0.2871429972126119)	(6.0, 0.20590253946465342)	(7.0, 0.22060986371212865)	(8.0, 0.11205580379028757)	(9.0, 0.1512753351168882)	('>10', 2.5933915089714676)	('>50', 3.112349950275237)	('>100', 16.1822587648649)	('>500', 7.987477763926436)	('>1k', 42.18130629053268)	('>5k', 21.6989060552155)	('>10k+', 0.0)
SRR3667030_1	(1.0, 17.703297447355947)	(2.0, 11.321010224118085)	(3.0, 10.069063579118424)	(4.0, 9.349312749678381)	(5.0, 7.691786850836212)	(6.0, 6.585415397115579)	(7.0, 5.588056063375991)	(8.0, 4.479653327916582)	(9.0, 3.6502132845825717)	('>10', 23.281874195950977)	('>50', 0.21057620691989978)	('>100', 0.06974067303134945)	('>500', 0.0)	('>1k', 0.0)	('>5k', 0.0)	('>10k+', 0.0)
SRR3667030_2	(1.0, 6.659218633624484)	(2.0, 1.2810616832554675)	(3.0, 0.735323989437335)	(4.0, 0.4658406120928973)	(5.0, 0.3927144694969192)	(6.0, 0.2884420069063579)	(7.0, 0.2701604712573634)	(8.0, 0.29250457038391225)	(9.0, 0.17062766605728216)	('>10', 6.099939061547837)	('>50', 3.7998510393391562)	('>100', 26.28817116934119)	('>500', 29.42243889227436)	('>1k', 23.83370573498544)	('>5k', 0.0)	('>10k+', 0.0)
SRR3667031_1	(1.0, 14.574815120964765)	(2.0, 5.944174649799991)	(3.0, 4.2488966301090825)	(4.0, 3.4333623629090586)	(5.0, 3.3248704739693267)	(6.0, 3.086483534326243)	(7.0, 3.099768255420904)	(8.0, 3.082055293961356)	(9.0, 2.803076150973475)	('>10', 50.16974921398734)	('>50', 3.216378585029595)	('>100', 1.3764447134190445)	('>500', 1.6399250151298215)	('>1k', 0.0)	('>5k', 0.0)	('>10k+', 0.0)
SRR3667031_2	(1.0, 3.7315305474781173)	(2.0, 0.8546503904231922)	(3.0, 0.4760358392253532)	(4.0, 0.3690200304072505)	(5.0, 0.2730748225013654)	(6.0, 0.26126618152833336)	(7.0, 0.18081981489955276)	(8.0, 0.12399073021683617)	(9.0, 0.1527742925886017)	('>10', 3.8178812345934134)	('>50', 3.2171166250904095)	('>100', 14.72758941355337)	('>500', 9.235095280971851)	('>1k', 62.57915479652235)	('>5k', 0.0)	('>10k+', 0.0)
SRR3667032_1	(1.0, 24.470273747017796)	(2.0, 11.922433022986356)	(3.0, 8.77623541969829)	(4.0, 6.650944041748587)	(5.0, 5.136462956796234)	(6.0, 4.392907484364807)	(7.0, 3.6817400110392895)	(8.0, 2.80635169717677)	(9.0, 2.434573960961057)	('>10', 20.305450763398824)	('>50', 2.4053791448655897)	('>100', 4.161173631607038)	('>500', 1.6823512775012885)	('>1k', 1.1737228408380735)	('>5k', 0.0)	('>10k+', 0.0)
SRR3667032_2	(1.0, 5.453956581834438)	(2.0, 1.038240647395047)	(3.0, 0.5802469698974075)	(4.0, 0.4415715934439391)	(5.0, 0.37633942623062994)	(6.0, 0.3448637651277045)	(7.0, 0.31612511803372917)	(8.0, 0.23720788077566976)	(9.0, 0.27917542891290364)	('>10', 7.556439509709557)	('>50', 5.0890213806411)	('>100', 22.267889807815997)	('>500', 27.661175912452045)	('>1k', 28.35774597772983)	('>5k', 0.0)	('>10k+', 0.0)
SRR3667033_1	(1.0, 15.735112601597615)	(2.0, 9.324856191341205)	(3.0, 7.346468245650807)	(4.0, 5.943314935140549)	(5.0, 4.849903351265749)	(6.0, 4.960525396492699)	(7.0, 4.79284566478027)	(8.0, 4.573930459489042)	(9.0, 4.915112135820583)	('>10', 37.55793101842148)	('>50', 0.0)	('>100', 0.0)	('>500', 0.0)	('>1k', 0.0)	('>5k', 0.0)	('>10k+', 0.0)
SRR3667033_2	(1.0, 4.123291180511889)	(2.0, 0.8104520366100747)	(3.0, 0.3877593795849927)	(4.0, 0.28878176017140594)	(5.0, 0.25035515498730754)	(6.0, 0.16069307622441137)	(7.0, 0.13856866717902142)	(8.0, 0.14904865041104823)	(9.0, 0.13623978201634876)	('>10', 3.093923938610587)	('>50', 3.2837280793684065)	('>100', 20.489531661193787)	('>500', 17.25587461282284)	('>1k', 49.431752020307876)	('>5k', 0.0)	('>10k+', 0.0)
SRR3667034_1	(1.0, 20.46713860351389)	(2.0, 7.9683710291246825)	(3.0, 5.315205174215684)	(4.0, 4.085737384891448)	(5.0, 3.6184015932798297)	(6.0, 3.5907952595981305)	(7.0, 3.9684104667442273)	(8.0, 3.6676986177114355)	(9.0, 4.126160944925364)	('>10', 42.96531461360992)	('>50', 0.050282964920237413)	('>100', 0.176483347465147)	('>500', 0.0)	('>1k', 0.0)	('>5k', 0.0)	('>10k+', 0.0)
SRR3667034_2	(1.0, 6.551574546960345)	(2.0, 0.7394553664740796)	(3.0, 0.36085421883935087)	(4.0, 0.2721195748624613)	(5.0, 0.1626801806242975)	(6.0, 0.24845700313529073)	(7.0, 0.13803166840849485)	(8.0, 0.1735255259992507)	(9.0, 0.20408968114684597)	('>10', 4.618145248752786)	('>50', 4.824206810876895)	('>100', 18.549484353124445)	('>500', 11.520714609666161)	('>1k', 51.6366612111293)	('>5k', 0.0)	('>10k+', 0.0)
SRR3667035_1	(1.0, 20.61546810170373)	(2.0, 7.477417385504166)	(3.0, 4.354855120798616)	(4.0, 2.8127932348252744)	(5.0, 1.842786564616237)	(6.0, 1.2345539439024116)	(7.0, 0.8784326139305619)	(8.0, 0.8863464212632698)	(9.0, 0.8241665065062801)	('>10', 44.7695386250325)	('>50', 9.772421511989418)	('>100', 2.295004126485252)	('>500', 0.7348535380371497)	('>1k', 1.5013623054051304)	('>5k', 0.0)	('>10k+', 0.0)
SRR3667035_2	(1.0, 3.444767277537223)	(2.0, 0.7529422405119103)	(3.0, 0.46804517653443073)	(4.0, 0.38890710320735306)	(5.0, 0.3787322080653002)	(6.0, 0.2916803274055148)	(7.0, 0.2848970639774796)	(8.0, 0.2622861858840288)	(9.0, 0.1424485319887398)	('>10', 5.591670152510373)	('>50', 4.959696109798424)	('>100', 14.382779555244026)	('>500', 4.3073722768023694)	('>1k', 29.874622680971815)	('>5k', 0.0)	('>10k+', 34.469153109561006)
SRR3667036_1	(1.0, 20.919392653790332)	(2.0, 12.328346544601986)	(3.0, 9.773780283577091)	(4.0, 7.946298984034833)	(5.0, 6.785893714413308)	(6.0, 5.752484090655353)	(7.0, 5.050519147035838)	(8.0, 4.342971977224517)	(9.0, 3.805682706263258)	('>10', 20.540499051021545)	('>50', 0.6621915820029027)	('>100', 2.0919392653790334)	('>500', 0.0)	('>1k', 0.0)	('>5k', 0.0)	('>10k+', 0.0)
SRR3667036_2	(1.0, 3.472842469576867)	(2.0, 0.6461426817014625)	(3.0, 0.2553868482750921)	(4.0, 0.21770682148040638)	(5.0, 0.16746678575415874)	(6.0, 0.15072010717874287)	(7.0, 0.09768895835659261)	(8.0, 0.12280897621971643)	(9.0, 0.10676007591827621)	('>10', 3.9501228089762197)	('>50', 4.714887797253545)	('>100', 24.812297644300546)	('>500', 13.109160433180753)	('>1k', 48.17600759182762)	('>5k', 0.0)	('>10k+', 0.0)
SRR3667037_1	(1.0, 14.567662440002865)	(2.0, 8.385987534923705)	(3.0, 6.984741027294218)	(4.0, 5.7797836521240775)	(5.0, 5.165126441722187)	(6.0, 4.698044272512358)	(7.0, 4.392864818396734)	(8.0, 3.8913962318217634)	(9.0, 3.6234687298517088)	('>10', 37.91460706354323)	('>50', 2.1899849559424025)	('>100', 1.4979583064689448)	('>500', 0.908374525395802)	('>1k', 0.0)	('>5k', 0.0)	('>10k+', 0.0)
SRR3667037_2	(1.0, 3.6979726341428467)	(2.0, 0.8983451536643027)	(3.0, 0.6189555125725338)	(4.0, 0.40404040404040403)	(5.0, 0.27580772261623326)	(6.0, 0.223511712873415)	(7.0, 0.18052869116698902)	(8.0, 0.15473887814313345)	(9.0, 0.16763378465506126)	('>10', 2.723690808797192)	('>50', 2.803925782649187)	('>100', 12.159180457052797)	('>500', 15.852138405329894)	('>1k', 30.46564940181962)	('>5k', 22.167777061394084)	('>10k+', 7.2061035890823115)
SRR3667038_1	(1.0, 11.860259681987717)	(2.0, 5.819007824111725)	(3.0, 4.89217308393393)	(4.0, 4.30466361928265)	(5.0, 3.62811632406966)	(6.0, 3.5965674864690547)	(7.0, 3.283182366303037)	(8.0, 2.882862671415351)	(9.0, 2.334613982444824)	('>10', 46.07532460248465)	('>50', 7.174205670377745)	('>100', 2.4215485571664934)	('>500', 0.8658403208166241)	('>1k', 0.8616338091365434)	('>5k', 0.0)	('>10k+', 0.0)
SRR3667038_2	(1.0, 3.405872290305393)	(2.0, 0.9086065228974453)	(3.0, 0.5363302392102975)	(4.0, 0.33932527552651504)	(5.0, 0.2664124064051151)	(6.0, 0.1934995372837152)	(7.0, 0.17667349056339213)	(8.0, 0.12339100928236912)	(9.0, 0.13881488544266526)	('>10', 2.3682660758854706)	('>50', 1.8810118062761154)	('>100', 7.797470484309711)	('>500', 13.79946156650495)	('>1k', 39.627443282200844)	('>5k', 28.437421127906)	('>10k+', 0.0)
SRR3667039_1	(1.0, 19.76598886743156)	(2.0, 9.617175962739974)	(3.0, 7.180506645461775)	(4.0, 6.261501760763376)	(5.0, 5.861638077927979)	(6.0, 5.070998523230717)	(7.0, 4.771100761104169)	(8.0, 4.334885834374645)	(9.0, 4.058843576053619)	('>10', 29.72850164716574)	('>50', 1.039418380097694)	('>100', 2.309439963648756)	('>500', 0.0)	('>1k', 0.0)	('>5k', 0.0)	('>10k+', 0.0)
SRR3667039_2	(1.0, 5.685561740315801)	(2.0, 1.0882653640804272)	(3.0, 0.5861638077927979)	(4.0, 0.3407929115074406)	(5.0, 0.27831421106440984)	(6.0, 0.21810746336476203)	(7.0, 0.1749403612404862)	(8.0, 0.20901965239123027)	(9.0, 0.24537089628535727)	('>10', 5.008519822787686)	('>50', 3.0319209360445303)	('>100', 22.708167670112463)	('>500', 20.886061569919345)	('>1k', 39.53879359309326)	('>5k', 0.0)	('>10k+', 0.0)
SRR3667040_1	(1.0, 25.995206257095997)	(2.0, 12.26390816197805)	(3.0, 8.96026239434843)	(4.0, 7.0160211933896806)	(5.0, 5.462343887977798)	(6.0, 4.535385391699256)	(7.0, 3.6099407089693454)	(8.0, 2.9186325217610696)	(9.0, 2.4024221016778102)	('>10', 16.815440898196037)	('>50', 2.748580799798158)	('>100', 4.643370758168286)	('>500', 1.4971615995963163)	('>1k', 1.1313233253437618)	('>5k', 0.0)	('>10k+', 0.0)
SRR3667040_2	(1.0, 8.26441276649426)	(2.0, 1.4572978428156933)	(3.0, 0.8114040620663555)	(4.0, 0.4945124258862117)	(5.0, 0.4339598839409613)	(6.0, 0.3572599974769774)	(7.0, 0.236659518102687)	(8.0, 0.27450485681846853)	(9.0, 0.2543206761700517)	('>10', 8.610571464614608)	('>50', 4.3123501955342505)	('>100', 28.18367604390059)	('>500', 23.246120852781633)	('>1k', 23.06294941339725)	('>5k', 0.0)	('>10k+', 0.0)
SRR3667041_1	(1.0, 16.219523846353326)	(2.0, 8.463032806649592)	(3.0, 7.1081832368075055)	(4.0, 6.247412455698967)	(5.0, 5.482181771859347)	(6.0, 4.875274677779648)	(7.0, 4.305673716919242)	(8.0, 3.752451058447792)	(9.0, 3.533618740417556)	('>10', 28.8053393265788)	('>50', 3.2074175511708214)	('>100', 3.958089743998035)	('>500', 2.740180980241398)	('>1k', 1.3016200870779744)	('>5k', 0.0)	('>10k+', 0.0)
SRR3667041_2	(1.0, 5.986269523163925)	(2.0, 1.2165439052242235)	(3.0, 0.6524023784934692)	(4.0, 0.46951133515011173)	(5.0, 0.2752464707033116)	(6.0, 0.2729717064826231)	(7.0, 0.2770662820798624)	(8.0, 0.19290000591438697)	(9.0, 0.18425590187577057)	('>10', 5.497195215715891)	('>50', 5.1750886020663955)	('>100', 21.10571739239228)	('>500', 26.154329103788392)	('>1k', 32.54050217694936)	('>5k', 0.0)	('>10k+', 0.0)
SRR3667042_1	(1.0, 21.211579273672413)	(2.0, 10.859940704707856)	(3.0, 7.945251210148556)	(4.0, 5.845275850283362)	(5.0, 4.697522474187472)	(6.0, 3.9010897298328446)	(7.0, 3.24097256996606)	(8.0, 2.766053842668765)	(9.0, 2.5967522712640387)	('>10', 25.236267099061287)	('>50', 3.101875034774384)	('>100', 5.048445684399615)	('>500', 1.3925650380332404)	('>1k', 2.1564092170001032)	('>5k', 0.0)	('>10k+', 0.0)
SRR3667042_2	(1.0, 8.417785408271136)	(2.0, 1.3885908227420496)	(3.0, 0.7380117795741231)	(4.0, 0.47849552105936677)	(5.0, 0.3755633450175263)	(6.0, 0.28852803014044875)	(7.0, 0.2670672675680187)	(8.0, 0.2893228731986869)	(9.0, 0.24322197582087418)	('>10', 6.868238866235862)	('>50', 4.2043223565506995)	('>100', 23.755871903092736)	('>500', 13.612879636915693)	('>1k', 39.07210021381278)	('>5k', 0.0)	('>10k+', 0.0)
SRR3667043_1	(1.0, 26.501208403048892)	(2.0, 13.114787961413729)	(3.0, 8.70669889074797)	(4.0, 6.874470678151661)	(5.0, 5.091817975253559)	(6.0, 4.93896015368408)	(7.0, 4.424614240565161)	(8.0, 4.081716965152548)	(9.0, 3.959843837144451)	('>10', 22.30588089483795)	('>50', 0.0)	('>100', 0.0)	('>500', 0.0)	('>1k', 0.0)	('>5k', 0.0)	('>10k+', 0.0)
SRR3667043_2	(1.0, 6.656545000103282)	(2.0, 1.1154489682097044)	(3.0, 0.5887091776662329)	(4.0, 0.3263721055132098)	(5.0, 0.29435458883311644)	(6.0, 0.2044989775051125)	(7.0, 0.1807440457747206)	(8.0, 0.1817768688934333)	(9.0, 0.16731734523145567)	('>10', 4.8387763111689495)	('>50', 6.642085476441305)	('>100', 21.05306645183946)	('>500', 27.626985602445725)	('>1k', 30.123319080374294)	('>5k', 0.0)	('>10k+', 0.0)
SRR3667044_1	(1.0, 12.565728318326236)	(2.0, 5.564882001193169)	(3.0, 4.162215408521442)	(4.0, 3.52123423560914)	(5.0, 3.6523440209775657)	(6.0, 3.0467416790376958)	(7.0, 2.8018646725030174)	(8.0, 3.057840920127086)	(9.0, 2.5909790918045976)	('>10', 40.832720562731524)	('>50', 5.326942020339359)	('>100', 6.311999667022768)	('>500', 1.560137075627454)	('>1k', 5.004370326178948)	('>5k', 0.0)	('>10k+', 0.0)
SRR3667044_2	(1.0, 3.3991425836258444)	(2.0, 0.8560289690192433)	(3.0, 0.48697920279700874)	(4.0, 0.2552825450559818)	(5.0, 0.1977052319047685)	(6.0, 0.15400197011529335)	(7.0, 0.1262538673918171)	(8.0, 0.12209165198329565)	(9.0, 0.09989316980451463)	('>10', 3.885428083854767)	('>50', 3.322141598568198)	('>100', 10.867544431649485)	('>500', 8.52074864381148)	('>1k', 45.61510606712266)	('>5k', 22.091651983295645)	('>10k+', 0.0)
SRR3667045_1	(1.0, 11.908017559976123)	(2.0, 5.427167162675314)	(3.0, 3.545862102540439)	(4.0, 2.6670166244036255)	(5.0, 2.125146580080349)	(6.0, 1.7145106871166165)	(7.0, 1.8076446009846794)	(8.0, 1.571423128537501)	(9.0, 1.6421202358828035)	('>10', 41.615196068055496)	('>50', 10.229067094518223)	('>100', 8.481536201575658)	('>500', 0.21547800981292783)	('>1k', 7.04981394384025)	('>5k', 0.0)	('>10k+', 0.0)
SRR3667045_2	(1.0, 3.2656136889919947)	(2.0, 0.7831715484359852)	(3.0, 0.49657309530562743)	(4.0, 0.32004199492843505)	(5.0, 0.2730517020222759)	(6.0, 0.19558121912293253)	(7.0, 0.19261786731803962)	(8.0, 0.14562757441188048)	(9.0, 0.14097087871847735)	('>10', 2.622989683302359)	('>50', 2.4180950727926205)	('>100', 12.575195052049157)	('>500', 7.747471625906469)	('>1k', 31.75697128512101)	('>5k', 22.912636155432036)	('>10k+', 14.153391556140699)
