Sample	0	1	2	3	4	5	6	7	8	9	10	11	12	13	14	15	16	17	18	19	20	21	22	23	24	25	26	27	28	29	30	31	32	33	34	35	36	37	38	39	40	41	42	43	44	45	46	47	48	49	50	51	52	53	54	55	56
SRR3666998_1 - illumina_universal_adapter	(1, 0.0)	(2, 0.0)	(3, 0.0)	(4, 0.0)	(5, 0.0)	(6, 0.0)	(7, 0.0)	(8, 0.0)	(9, 0.0)	(10, 0.0)	(15, 0.0)	(20, 0.0015580571027928173)	(25, 0.0015580571027928173)	(30, 0.0015580571027928173)	(35, 0.006543839831729832)	(40, 0.034666770537140186)	(45, 0.05016943870992872)	(50, 0.1286176138355471)	(55, 0.4025240525065244)	(60, 0.47614225061348503)	(65, 0.4785572391228139)	(70, 0.49740973006660694)	(75, 0.5152494838935847)	(80, 0.5288045806878823)	(85, 0.5525649515054726)	(90, 0.573754528103455)	(95, 0.5860631792155182)	(100, 0.5912826705098742)	(105, 0.607798075799478)	(110, 0.6115374128461808)	(115, 0.6168348069956763)	(120, 0.6282086238460639)	(125, 0.6329606980095821)	(130, 0.6330386008647217)	(135, 0.6335060179955595)	(140, 0.6356872979394695)	(145, 0.6388034121450551)	(150, 0.6412963035095236)	(155, 0.6465157948038796)	(160, 0.6512678689673976)	(165, 0.6514236746776769)	(170, 0.6523585089393527)	(175, 0.6528259260701905)	(180, 0.6529817317804698)	(185, 0.6532154403458886)	(190, 0.7009698905464885)	(195, 0.7151482101819032)	(200, 0.7158493358781599)	(205, 0.7163167530089978)	(210, 0.7163167530089978)	(215, 0.7163167530089978)	(220, 0.7191991586491645)	(225, 0.7198223814902817)	(230, 0.7221594671444709)	(235, 0.7242628442332412)	(240, 0.7264441241771511)	
SRR3666998_1 - polya	(1, 0.0)	(2, 0.0)	(3, 0.0)	(4, 0.0)	(5, 0.0)	(6, 0.0)	(7, 0.0)	(8, 0.0)	(9, 0.0)	(10, 0.0)	(15, 0.0)	(20, 0.0)	(25, 0.0)	(30, 0.0)	(35, 0.0)	(40, 0.0)	(45, 0.0)	(50, 0.0)	(55, 0.0)	(60, 0.0)	(65, 0.00015580571027928172)	(70, 0.0003895142756982043)	(75, 0.0003895142756982043)	(80, 0.0003895142756982043)	(85, 0.0003895142756982043)	(90, 0.0003895142756982043)	(95, 0.00046741713083784514)	(100, 0.006232228411171269)	(105, 0.01861878237837417)	(110, 0.03287500486892845)	(115, 0.06933354107428037)	(120, 0.257702644801932)	(125, 0.26292213609628795)	(130, 0.26518131889533747)	(135, 0.2808397927784053)	(140, 0.2902660382503019)	(145, 0.29626455809605423)	(150, 0.31067658629688777)	(155, 0.31745413469403655)	(160, 0.3283605344135863)	(165, 0.3300743972266583)	(170, 0.34510964826860907)	(175, 0.34510964826860907)	(180, 0.3494722081564289)	(185, 0.3580415222217894)	(190, 0.3606902192965372)	(195, 0.3608460250068165)	(200, 0.3612355392825147)	(205, 0.36388423635726247)	(210, 0.36536439060491566)	(215, 0.36785728196938416)	(220, 0.3722198418572041)	(225, 0.37432321894597437)	(230, 0.37463483036653294)	(235, 0.3753359560627897)	(240, 0.375491761773069)	
SRR3666998_2 - illumina_universal_adapter	(1, 0.0)	(2, 0.0)	(3, 0.0)	(4, 0.0)	(5, 0.0)	(6, 0.0)	(7, 0.0)	(8, 0.0)	(9, 0.0)	(10, 0.0)	(15, 0.0)	(20, 0.0015580571027928173)	(25, 0.0015580571027928173)	(30, 0.0015580571027928173)	(35, 0.006621742686869473)	(40, 0.03443306197172126)	(45, 0.04939041015853231)	(50, 0.1269816538776146)	(55, 0.3988626183149612)	(60, 0.47185759358080476)	(65, 0.4742725820901336)	(70, 0.49257975304794915)	(75, 0.5101857983095079)	(80, 0.523429283683247)	(85, 0.5462548202391618)	(90, 0.5675222996922837)	(95, 0.5796751450940677)	(100, 0.5850504420987029)	(105, 0.6018774588088653)	(110, 0.6056946987107078)	(115, 0.6109920928602033)	(120, 0.6225217154208702)	(125, 0.6275074981498072)	(130, 0.6275854010049469)	(135, 0.6280528181357847)	(140, 0.6303120009348342)	(145, 0.6337397265609784)	(150, 0.6362326179254469)	(155, 0.6411404977992443)	(160, 0.6454251548319246)	(165, 0.6455809605422039)	(170, 0.6468274062244381)	(175, 0.6473727262104156)	(180, 0.6475285319206949)	(185, 0.6477622404861139)	(190, 0.6972305534997858)	(195, 0.7120320959763176)	(200, 0.7127332216725742)	(205, 0.7132006388034121)	(210, 0.7132006388034121)	(215, 0.7132006388034121)	(220, 0.7160830444435788)	(225, 0.716706267284696)	(230, 0.7190433529388853)	(235, 0.7208351186070969)	(240, 0.7217699528687727)	
SRR3666998_2 - polya	(1, 0.0)	(2, 0.0)	(3, 0.0)	(4, 0.0)	(5, 0.0)	(6, 0.0)	(7, 0.0)	(8, 0.0)	(9, 0.0)	(10, 0.0)	(15, 0.00023370856541892257)	(20, 0.0003895142756982043)	(25, 0.0003895142756982043)	(30, 0.0003895142756982043)	(35, 0.0003895142756982043)	(40, 0.0003895142756982043)	(45, 0.0003895142756982043)	(50, 0.0003895142756982043)	(55, 0.0003895142756982043)	(60, 0.0006232228411171269)	(65, 0.0007790285513964086)	(70, 0.0007790285513964086)	(75, 0.0007790285513964086)	(80, 0.0007790285513964086)	(85, 0.0007790285513964086)	(90, 0.0009348342616756903)	(95, 0.0066996455420091135)	(100, 0.014489931055973201)	(105, 0.02781131928485179)	(110, 0.0657500097378569)	(115, 0.16803645853620536)	(120, 0.17161998987262883)	(125, 0.17380126981653876)	(130, 0.18135784676508396)	(135, 0.18805749230709307)	(140, 0.19070618938184086)	(145, 0.1990417948817824)	(150, 0.2020800062322284)	(155, 0.20706578896116543)	(160, 0.20916916604993574)	(165, 0.2142328516340124)	(170, 0.2142328516340124)	(175, 0.2169594515638998)	(180, 0.22030927433490438)	(185, 0.22085459432088186)	(190, 0.2209324971760215)	(195, 0.22124410859658009)	(200, 0.2217115257274179)	(205, 0.22217894285825576)	(210, 0.2228021656993729)	(215, 0.22358119425076928)	(220, 0.2238149028161882)	(225, 0.2239707085264675)	(230, 0.22404861138160714)	(235, 0.22436022280216567)	(240, 0.2243602228021657)	
SRR3667004_1 - illumina_universal_adapter	(1, 0.0)	(2, 0.0)	(3, 0.0)	(4, 0.0)	(5, 0.0)	(6, 0.0)	(7, 0.0)	(8, 0.0)	(9, 0.0)	(10, 0.0)	(15, 0.0)	(20, 0.0)	(25, 0.0)	(30, 0.0)	(35, 0.0014486620843197579)	(40, 0.004041004761523534)	(45, 0.004803458490112882)	(50, 0.0255421999077431)	(55, 0.08005764150188135)	(60, 0.09683162353084697)	(65, 0.09767032263229526)	(70, 0.10346497096957427)	(75, 0.1048373876810351)	(80, 0.1048373876810351)	(85, 0.11185196198405711)	(90, 0.11474928615269661)	(95, 0.1162741936098753)	(100, 0.11741787420275931)	(105, 0.11856155479564334)	(110, 0.11947649926995055)	(115, 0.11993397150710416)	(120, 0.12008646225282202)	(125, 0.12008646225282202)	(130, 0.12008646225282202)	(135, 0.12008646225282202)	(140, 0.12008646225282202)	(145, 0.12008646225282202)	(150, 0.12008646225282202)	(155, 0.12062017986283458)	(160, 0.12344125865861517)	(165, 0.12504241148865278)	(170, 0.1253473929800885)	(175, 0.1254998837258064)	(180, 0.12603360133581892)	(185, 0.1261860920815368)	(190, 0.12984586997876565)	(195, 0.13137077743594436)	(200, 0.1315232681816622)	(205, 0.1315232681816622)	(210, 0.1321332311645337)	(215, 0.13304817563884092)	(220, 0.13304817563884092)	(225, 0.1334294025031356)	(230, 0.1334294025031356)	(235, 0.13350564787599453)	(240, 0.13381062936743027)	
SRR3667004_2 - illumina_universal_adapter	(1, 0.0)	(2, 0.0)	(3, 0.0)	(4, 0.0)	(5, 0.0)	(6, 0.0)	(7, 0.0)	(8, 0.0)	(9, 0.0)	(10, 0.0)	(15, 0.0)	(20, 0.0)	(25, 0.0)	(30, 0.0)	(35, 0.0014486620843197579)	(40, 0.004041004761523534)	(45, 0.004803458490112882)	(50, 0.025160973043448425)	(55, 0.07937143314615094)	(60, 0.09606916980225762)	(65, 0.09690786890370591)	(70, 0.10270251724098493)	(75, 0.10407493395244576)	(80, 0.10407493395244576)	(85, 0.11047954527259626)	(90, 0.11322437869551791)	(95, 0.11474928615269661)	(100, 0.11589296674558063)	(105, 0.11703664733846467)	(110, 0.11795159181277189)	(115, 0.11840906404992549)	(120, 0.11856155479564334)	(125, 0.11856155479564334)	(130, 0.11856155479564334)	(135, 0.11856155479564334)	(140, 0.11856155479564334)	(145, 0.11856155479564334)	(150, 0.11856155479564334)	(155, 0.11894278165993802)	(160, 0.1215351243371418)	(165, 0.12313627716717941)	(170, 0.12344125865861515)	(175, 0.12359374940433303)	(180, 0.12389873089576878)	(185, 0.12389873089576878)	(190, 0.12755850879299763)	(195, 0.12847345326730483)	(200, 0.12847345326730483)	(205, 0.12847345326730483)	(210, 0.12893092550445845)	(215, 0.12923590699589418)	(220, 0.12923590699589418)	(225, 0.12923590699589418)	(230, 0.12923590699589418)	(235, 0.12931215236875312)	(240, 0.12961713386018886)	
SRR3667006_1 - illumina_universal_adapter	(1, 0.0)	(2, 0.0)	(3, 0.0)	(4, 0.0)	(5, 0.0)	(6, 0.0)	(7, 0.0)	(8, 0.0)	(9, 0.0)	(10, 0.0001863307743906984)	(15, 0.0014906461951255871)	(20, 0.0018633077439069838)	(25, 0.0018633077439069838)	(30, 0.0018633077439069838)	(35, 0.0018633077439069838)	(40, 0.0018633077439069838)	(45, 0.002049638518297682)	(50, 0.007453230975627935)	(55, 0.03037191622568384)	(60, 0.03540284713423269)	(65, 0.03763881642692107)	(70, 0.03819780875009317)	(75, 0.03819780875009317)	(80, 0.03894313184765596)	(85, 0.05217261682939554)	(90, 0.05217261682939554)	(95, 0.05217261682939554)	(100, 0.05254527837817694)	(105, 0.055712901542818806)	(110, 0.055899232317209516)	(115, 0.055899232317209516)	(120, 0.055899232317209516)	(125, 0.055899232317209516)	(130, 0.055899232317209516)	(135, 0.055899232317209516)	(140, 0.055899232317209516)	(145, 0.055899232317209516)	(150, 0.055899232317209516)	(155, 0.0566445554147723)	(160, 0.057762540061116495)	(165, 0.05794887083550719)	(170, 0.05869419393306998)	(175, 0.05925318625624208)	(180, 0.05962584780502348)	(185, 0.05981217857941418)	(190, 0.1030409182380562)	(195, 0.113661772378326)	(200, 0.113661772378326)	(205, 0.113661772378326)	(210, 0.113661772378326)	(215, 0.113661772378326)	(220, 0.113661772378326)	(225, 0.11384810315271669)	(230, 0.11459342625027949)	(235, 0.11459342625027949)	(240, 0.11459342625027949)	(245, 0.11459342625027949)
SRR3667006_2 - illumina_universal_adapter	(1, 0.0)	(2, 0.0)	(3, 0.0)	(4, 0.0)	(5, 0.0)	(6, 0.0)	(7, 0.0)	(8, 0.0)	(9, 0.0)	(10, 0.0001863307743906984)	(15, 0.0014906461951255871)	(20, 0.0018633077439069838)	(25, 0.0018633077439069838)	(30, 0.0018633077439069838)	(35, 0.0018633077439069838)	(40, 0.0018633077439069838)	(45, 0.002049638518297682)	(50, 0.007453230975627935)	(55, 0.03037191622568384)	(60, 0.03540284713423269)	(65, 0.03763881642692107)	(70, 0.03819780875009317)	(75, 0.03819780875009317)	(80, 0.03894313184765596)	(85, 0.05217261682939554)	(90, 0.05217261682939554)	(95, 0.05217261682939554)	(100, 0.05254527837817694)	(105, 0.055712901542818806)	(110, 0.055899232317209516)	(115, 0.055899232317209516)	(120, 0.055899232317209516)	(125, 0.055899232317209516)	(130, 0.055899232317209516)	(135, 0.055899232317209516)	(140, 0.055899232317209516)	(145, 0.055899232317209516)	(150, 0.055899232317209516)	(155, 0.0566445554147723)	(160, 0.057762540061116495)	(165, 0.05794887083550719)	(170, 0.05869419393306998)	(175, 0.05925318625624208)	(180, 0.05962584780502348)	(185, 0.05981217857941418)	(190, 0.10155027204293061)	(195, 0.11179846463441903)	(200, 0.11179846463441903)	(205, 0.11179846463441903)	(210, 0.11179846463441903)	(215, 0.11179846463441903)	(220, 0.11179846463441903)	(225, 0.11179846463441903)	(230, 0.11179846463441903)	(235, 0.11179846463441903)	(240, 0.11179846463441903)	(245, 0.11179846463441902)
SRR3667011_1 - illumina_universal_adapter	(1, 0.0)	(2, 0.0)	(3, 0.0)	(4, 0.0)	(5, 0.0)	(6, 0.0)	(7, 0.0)	(8, 0.0)	(9, 0.0)	(10, 0.0)	(15, 0.0)	(20, 0.002895495766785189)	(25, 0.002895495766785189)	(30, 0.002895495766785189)	(35, 0.024785443763681216)	(40, 0.12728599390787693)	(45, 0.1849642695822379)	(50, 0.3750246117140177)	(55, 0.9066376344957783)	(60, 1.0669322801450063)	(65, 1.0684379379437348)	(70, 1.1014465896850858)	(75, 1.1430259088961212)	(80, 1.1738339838547156)	(85, 1.256066063631415)	(90, 1.3343602691652865)	(95, 1.3742022909162508)	(100, 1.403273068414774)	(105, 1.4335020442200115)	(110, 1.438482296938882)	(115, 1.443694189319095)	(120, 1.4710276693575477)	(125, 1.4834203912393882)	(130, 1.4850418688687879)	(135, 1.4902537612490012)	(140, 1.493959995830486)	(145, 1.4998668071947279)	(150, 1.501025005501442)	(155, 1.5171239619647676)	(160, 1.533454558089436)	(165, 1.5364658736868928)	(170, 1.5387822703003207)	(175, 1.5406353875910632)	(180, 1.54202522555912)	(185, 1.5427201445431487)	(190, 1.6499693077448723)	(195, 1.6773027877833244)	(200, 1.6786926257513812)	(205, 1.6793875447354096)	(210, 1.6804299232114523)	(215, 1.681472301687495)	(220, 1.6834412388089088)	(225, 1.6834412388089088)	(230, 1.6855259957609943)	(235, 1.686915833729051)	(240, 1.686915833729051)	
SRR3667011_1 - polya	(1, 0.0)	(2, 0.0)	(3, 0.0)	(4, 0.0)	(5, 0.0)	(6, 0.0)	(7, 0.0)	(8, 0.0)	(9, 0.0)	(10, 0.0)	(15, 0.0)	(20, 0.0)	(25, 0.0)	(30, 0.0)	(35, 0.0)	(40, 0.0)	(45, 0.0)	(50, 0.0)	(55, 0.0)	(60, 0.0)	(65, 0.00023163966134281513)	(70, 0.0005790991533570378)	(75, 0.0005790991533570378)	(80, 0.0017372974600711132)	(85, 0.0017372974600711132)	(90, 0.0017372974600711132)	(95, 0.001968937121413929)	(100, 0.02327978596495292)	(105, 0.06926025874150173)	(110, 0.11558819101006472)	(115, 0.19399821637460765)	(120, 0.5658956926604973)	(125, 0.5821104689544944)	(130, 0.58257374827718)	(135, 0.611876165437046)	(140, 0.6371248885234129)	(145, 0.6532238449867387)	(150, 0.7131026974438562)	(155, 0.7456480698625219)	(160, 0.7763403249904448)	(165, 0.790007065009671)	(170, 0.8123602923292527)	(175, 0.812476112159924)	(180, 0.8184987433548372)	(185, 0.8352926188021913)	(190, 0.8401570516903905)	(195, 0.8421259888118044)	(200, 0.8459480432239609)	(205, 0.8491909984827603)	(210, 0.8530130528949167)	(215, 0.8552136296776733)	(220, 0.868185450712871)	(225, 0.8765244785212124)	(230, 0.8781459561506122)	(235, 0.8796516139493404)	(240, 0.8813889114094116)	
SRR3667011_2 - illumina_universal_adapter	(1, 0.0)	(2, 0.0)	(3, 0.0)	(4, 0.0)	(5, 0.0)	(6, 0.0)	(7, 0.0)	(8, 0.0)	(9, 0.0)	(10, 0.0)	(15, 0.0)	(20, 0.0)	(25, 0.0)	(30, 0.0)	(35, 0.02177412816622462)	(40, 0.12242156101967779)	(45, 0.18102639533941)	(50, 0.37282403493126093)	(55, 0.9024681205916076)	(60, 1.0627627662408357)	(65, 1.0632260455635214)	(70, 1.099477652563672)	(75, 1.141867710589407)	(80, 1.1726757855480014)	(85, 1.2558344239700723)	(90, 1.3337811700119293)	(95, 1.3737390115935653)	(100, 1.4030414287534314)	(105, 1.4321122062519547)	(110, 1.4367449994788108)	(115, 1.441956891859024)	(120, 1.4687112727441192)	(125, 1.48110399462596)	(130, 1.4827254722553598)	(135, 1.4879373646355731)	(140, 1.491643599217058)	(145, 1.4975504105812998)	(150, 1.4987086088880137)	(155, 1.5148075653513395)	(160, 1.531138161476008)	(165, 1.5341494770734645)	(170, 1.5364658736868926)	(175, 1.5383189909776351)	(180, 1.5397088289456922)	(185, 1.5404037479297206)	(190, 1.6467263524860727)	(195, 1.6730174540484821)	(200, 1.6730174540484821)	(205, 1.6733649135404967)	(210, 1.6740598325245248)	(215, 1.6751022110005678)	(220, 1.6770711481219815)	(225, 1.6770711481219815)	(230, 1.6791559050740665)	(235, 1.6805457430421236)	(240, 1.6805457430421236)	
SRR3667011_2 - polya	(1, 0.0)	(2, 0.0)	(3, 0.0)	(4, 0.0)	(5, 0.0)	(6, 0.0)	(7, 0.0)	(8, 0.0)	(9, 0.0)	(10, 0.0)	(15, 0.0)	(20, 0.0)	(25, 0.0)	(30, 0.0)	(35, 0.0)	(40, 0.0)	(45, 0.0)	(50, 0.0)	(55, 0.0)	(60, 0.0)	(65, 0.0)	(70, 0.0)	(75, 0.0)	(80, 0.0)	(85, 0.0)	(90, 0.0003474594920142227)	(95, 0.0214266686742104)	(100, 0.05478277990757578)	(105, 0.09589881979592545)	(110, 0.19133436026916528)	(115, 0.46223694420958755)	(120, 0.47312400829269985)	(125, 0.47625114372082783)	(130, 0.4980252718870525)	(135, 0.5197994000532772)	(140, 0.530570644305718)	(145, 0.5693702875806395)	(150, 0.5829212077691943)	(155, 0.5971670469417774)	(160, 0.6030738583060191)	(165, 0.6080541110248897)	(170, 0.6080541110248897)	(175, 0.6117603456063747)	(180, 0.6204468329067303)	(185, 0.6219524907054585)	(190, 0.6224157700281442)	(195, 0.6225315898588156)	(200, 0.6235739683348582)	(205, 0.6242688873188867)	(210, 0.6257745451176151)	(215, 0.6312180771591712)	(220, 0.6329553746192423)	(225, 0.6329553746192423)	(230, 0.6329553746192423)	(235, 0.6329553746192423)	(240, 0.6329553746192423)	
SRR3667014_1 - illumina_universal_adapter	(1, 0.0)	(2, 0.0)	(3, 0.0)	(4, 0.0)	(5, 0.0)	(6, 0.0)	(7, 0.0)	(8, 0.0)	(9, 0.0)	(10, 0.0)	(15, 0.0)	(20, 0.0028769941165470315)	(25, 0.0028769941165470315)	(30, 0.0031646935282017346)	(35, 0.004794990194245053)	(40, 0.00815148333021659)	(45, 0.011316176858418323)	(50, 0.03864762096561512)	(55, 0.1522888885692229)	(60, 0.18700461757555706)	(65, 0.1876759162027514)	(70, 0.1912242089464927)	(75, 0.19419710286692463)	(80, 0.19419710286692463)	(85, 0.20886977286131453)	(90, 0.2157745587410274)	(95, 0.2176925548187254)	(100, 0.2196105508964234)	(105, 0.22056954893527242)	(110, 0.22056954893527242)	(115, 0.221912146189661)	(120, 0.22392604207124397)	(125, 0.22392604207124397)	(130, 0.22392604207124397)	(135, 0.22478914030620806)	(140, 0.22776203422664)	(145, 0.2333242228519643)	(150, 0.23351602245973407)	(155, 0.23735201461513009)	(160, 0.24425680049484297)	(165, 0.2455034979453467)	(170, 0.24588709716088633)	(175, 0.24598299696477124)	(180, 0.24598299696477124)	(185, 0.2460788967686561)	(190, 0.2507779871590162)	(195, 0.25288778284448404)	(200, 0.2531754822561388)	(205, 0.2531754822561388)	(210, 0.2531754822561388)	(215, 0.2531754822561388)	(220, 0.2531754822561388)	(225, 0.2531754822561388)	(230, 0.2532713820600237)	(235, 0.2536549812755633)	(240, 0.2536549812755633)	
SRR3667014_1 - polya	(1, 0.0)	(2, 0.0)	(3, 0.0)	(4, 0.0)	(5, 0.0)	(6, 0.0)	(7, 0.0)	(8, 0.0)	(9, 0.0)	(10, 0.0)	(15, 0.0)	(20, 0.0)	(25, 0.0)	(30, 0.0)	(35, 0.0)	(40, 0.0)	(45, 0.0)	(50, 0.0)	(55, 0.0)	(60, 9.589980388490105e-05)	(65, 0.0004794990194245053)	(70, 0.0004794990194245053)	(75, 0.0004794990194245053)	(80, 0.0004794990194245053)	(85, 0.0008630982349641097)	(90, 0.0009589980388490106)	(95, 0.0011507976466188126)	(100, 0.0021097956854678234)	(105, 0.0034523929398564386)	(110, 0.007288385095252481)	(115, 0.022344654305181948)	(120, 0.10299638937238373)	(125, 0.1083667783899382)	(130, 0.10922987662490231)	(135, 0.11220277054533423)	(140, 0.11412076662303225)	(145, 0.11469616544634165)	(150, 0.12428614583483177)	(155, 0.1267795407358392)	(160, 0.1287934366174221)	(165, 0.13013603387181072)	(170, 0.13119093171454466)	(175, 0.13138273132231446)	(180, 0.13214992975339362)	(185, 0.13234172936116345)	(190, 0.13234172936116345)	(195, 0.13234172936116345)	(200, 0.13368432661555207)	(205, 0.1369449199476387)	(210, 0.14001371367195553)	(215, 0.14001371367195553)	(220, 0.144425104650661)	(225, 0.14941189445267583)	(230, 0.15056269209929465)	(235, 0.15075449170706448)	(240, 0.15104219111871917)	
SRR3667014_2 - illumina_universal_adapter	(1, 0.0)	(2, 0.0)	(3, 0.0)	(4, 0.0)	(5, 0.0)	(6, 0.0)	(7, 0.0)	(8, 0.0)	(9, 0.0)	(10, 0.0)	(15, 0.0)	(20, 0.0)	(25, 0.0)	(30, 0.00028769941165470315)	(35, 0.0019179960776980211)	(40, 0.005274489213669558)	(45, 0.008535082545756193)	(50, 0.0369214244956869)	(55, 0.15180938954979836)	(60, 0.18882671384937016)	(65, 0.1900734112998739)	(70, 0.19362170404361523)	(75, 0.19659459796404716)	(80, 0.19659459796404716)	(85, 0.211267267958437)	(90, 0.21855565305368949)	(95, 0.221049047954697)	(100, 0.22296704403239492)	(105, 0.22392604207124397)	(110, 0.22392604207124397)	(115, 0.2252686393256326)	(120, 0.2272825352072155)	(125, 0.2272825352072155)	(130, 0.2272825352072155)	(135, 0.22814563344217959)	(140, 0.23121442716649648)	(145, 0.2368725155957056)	(150, 0.2368725155957056)	(155, 0.24051670814333184)	(160, 0.2466542955919655)	(165, 0.24790099304246924)	(170, 0.24790099304246924)	(175, 0.24790099304246924)	(180, 0.24790099304246924)	(185, 0.24799689284635412)	(190, 0.2523123840211746)	(195, 0.2535590814716784)	(200, 0.2536549812755633)	(205, 0.2536549812755633)	(210, 0.2536549812755633)	(215, 0.2536549812755633)	(220, 0.2536549812755633)	(225, 0.2536549812755633)	(230, 0.2537508810794482)	(235, 0.2541344802949878)	(240, 0.2541344802949878)	
SRR3667016_1 - illumina_universal_adapter	(1, 0.0)	(2, 0.0)	(3, 0.0)	(4, 0.0)	(5, 0.0)	(6, 0.0)	(7, 0.0)	(8, 0.0)	(9, 0.0)	(10, 0.0)	(15, 0.0)	(20, 0.002609773602140014)	(25, 0.002609773602140014)	(30, 0.002609773602140014)	(35, 0.0040016528566146885)	(40, 0.011917966116439398)	(45, 0.01461473217198408)	(50, 0.04549705313064092)	(55, 0.1303146952001914)	(60, 0.1522367934581675)	(65, 0.15371566516604684)	(70, 0.16458972184163023)	(75, 0.16963528413910092)	(80, 0.17015723885952894)	(85, 0.18407603140427567)	(90, 0.19181835975729106)	(95, 0.19286226919814706)	(100, 0.19538505034688242)	(105, 0.19599399752071509)	(110, 0.19616798242752442)	(115, 0.19616798242752442)	(120, 0.19616798242752442)	(125, 0.19616798242752442)	(130, 0.19616798242752442)	(135, 0.19616798242752442)	(140, 0.1966899371479524)	(145, 0.19877775602966444)	(150, 0.19929971075009242)	(155, 0.20243143907266042)	(160, 0.2066070768360845)	(165, 0.20686805419629847)	(170, 0.2070420391031078)	(175, 0.2070420391031078)	(180, 0.2070420391031078)	(185, 0.2070420391031078)	(190, 0.21643722407081184)	(195, 0.2189600052195472)	(200, 0.21956895239337987)	(205, 0.21965594484678458)	(210, 0.21965594484678458)	(215, 0.2197429373001892)	(220, 0.22043887692742653)	(225, 0.22096083164785454)	(230, 0.22252669580913859)	(235, 0.22391857506361318)	(240, 0.2240055675170179)	
SRR3667016_1 - polya	(1, 0.0)	(2, 0.0)	(3, 0.0)	(4, 0.0)	(5, 0.0)	(6, 0.0)	(7, 0.0)	(8, 0.0)	(9, 0.0)	(10, 0.0)	(15, 0.0)	(20, 0.0)	(25, 0.0)	(30, 0.0)	(35, 0.0)	(40, 0.0)	(45, 0.0)	(50, 0.0)	(55, 0.0)	(60, 8.699245340466715e-05)	(65, 0.00043496226702333573)	(70, 0.00043496226702333573)	(75, 0.00043496226702333573)	(80, 0.00043496226702333573)	(85, 0.0008699245340466715)	(90, 0.0008699245340466715)	(95, 0.0008699245340466715)	(100, 0.0021748113351166788)	(105, 0.005654509471303365)	(110, 0.010439094408560057)	(115, 0.02261803788521346)	(120, 0.08464365716274114)	(125, 0.08725343076488115)	(130, 0.08864531001935581)	(135, 0.0969095930927992)	(140, 0.09873643461429721)	(145, 0.09978034405515321)	(150, 0.1072616950479546)	(155, 0.11004545355690394)	(160, 0.11082838563754596)	(165, 0.11135034035797395)	(170, 0.11169831017159262)	(175, 0.11195928753180662)	(180, 0.11256823470563929)	(185, 0.11265522715904394)	(190, 0.11282921206585331)	(195, 0.11352515169309063)	(200, 0.11352515169309063)	(205, 0.11422109132032796)	(210, 0.11526500076118398)	(215, 0.11552597812139798)	(220, 0.11961462343141734)	(225, 0.12222439703355734)	(230, 0.12222439703355734)	(235, 0.12222439703355734)	(240, 0.12265935930058068)	
SRR3667016_2 - illumina_universal_adapter	(1, 0.0)	(2, 0.0)	(3, 0.0)	(4, 0.0)	(5, 0.0)	(6, 0.0)	(7, 0.0)	(8, 0.0)	(9, 0.0)	(10, 0.0)	(15, 0.0)	(20, 0.0)	(25, 0.0)	(30, 0.0)	(35, 0.0013918792544746744)	(40, 0.008873230247276048)	(45, 0.011656988756225398)	(50, 0.0428872795285009)	(55, 0.12805289141167003)	(60, 0.15188882364454886)	(65, 0.15371566516604684)	(70, 0.1646767142950349)	(75, 0.17007024640612428)	(80, 0.17059220112655224)	(85, 0.18364106913725234)	(90, 0.19138339749026773)	(95, 0.19242730693112375)	(100, 0.19468911071964506)	(105, 0.1951240729866684)	(110, 0.19529805789347773)	(115, 0.19529805789347773)	(120, 0.19529805789347773)	(125, 0.19529805789347773)	(130, 0.19529805789347773)	(135, 0.19529805789347773)	(140, 0.19582001261390575)	(145, 0.19790783149561775)	(150, 0.19808181640242709)	(155, 0.20112655227159043)	(160, 0.20530219003501443)	(165, 0.20556316739522845)	(170, 0.2057371523020378)	(175, 0.2057371523020378)	(180, 0.2057371523020378)	(185, 0.2057371523020378)	(190, 0.21513233726974185)	(195, 0.21748113351166784)	(200, 0.21748113351166784)	(205, 0.21748113351166784)	(210, 0.21748113351166784)	(215, 0.21756812596507252)	(220, 0.21826406559230987)	(225, 0.21878602031273786)	(230, 0.22035188447402185)	(235, 0.2213957939148779)	(240, 0.22139579391487788)	
SRR3667021_1 - illumina_universal_adapter	(1, 0.0)	(2, 0.0)	(3, 0.0)	(4, 0.0)	(5, 0.0)	(6, 0.0)	(7, 0.0)	(8, 0.0)	(9, 0.0)	(10, 0.0)	(15, 0.0)	(20, 0.0)	(25, 0.0005930705635356495)	(30, 0.0005930705635356495)	(35, 0.002135054028728338)	(40, 0.018029345131483743)	(45, 0.037956516066281566)	(50, 0.06915202770825674)	(55, 0.14269277758667726)	(60, 0.16605975778998186)	(65, 0.16890649649495298)	(70, 0.1825471194562729)	(75, 0.18586831461207254)	(80, 0.1868172275137296)	(85, 0.19547605774135005)	(90, 0.20105092103858518)	(95, 0.20152537748941374)	(100, 0.20164399160212082)	(105, 0.20449073030709192)	(110, 0.2123192617457625)	(115, 0.21409847343636948)	(120, 0.21457292988719798)	(125, 0.21469154399990514)	(130, 0.21469154399990514)	(135, 0.21469154399990514)	(140, 0.21469154399990514)	(145, 0.21469154399990514)	(150, 0.21469154399990514)	(155, 0.21611491335239066)	(160, 0.21884303794465465)	(165, 0.21884303794465465)	(170, 0.21884303794465465)	(175, 0.21884303794465465)	(180, 0.2189616520573618)	(185, 0.21943610850819031)	(190, 0.22987415042641773)	(195, 0.23248366090597455)	(200, 0.23248366090597455)	(205, 0.23248366090597455)	(210, 0.23248366090597455)	(215, 0.23260227501868172)	(220, 0.23307673146951027)	(225, 0.23307673146951027)	(230, 0.23307673146951027)	(235, 0.23307673146951027)	(240, 0.23307673146951025)	
SRR3667021_1 - polya	(1, 0.0)	(2, 0.0)	(3, 0.0)	(4, 0.0)	(5, 0.0)	(6, 0.0)	(7, 0.0)	(8, 0.0)	(9, 0.0)	(10, 0.0)	(15, 0.0)	(20, 0.0)	(25, 0.0)	(30, 0.0)	(35, 0.0)	(40, 0.0)	(45, 0.0)	(50, 0.0)	(55, 0.0)	(60, 0.0)	(65, 0.0)	(70, 0.0)	(75, 0.0)	(80, 0.0)	(85, 0.0001186141127071299)	(90, 0.001186141127071299)	(95, 0.001186141127071299)	(100, 0.0027281245922639876)	(105, 0.009607743129277521)	(110, 0.026450947133689968)	(115, 0.0412777112220812)	(120, 0.09453544782758252)	(125, 0.09844971354691781)	(130, 0.10177090870271743)	(135, 0.11126003771928786)	(140, 0.11173449417011636)	(145, 0.11209033650823777)	(150, 0.11920718327066555)	(155, 0.12098639496127248)	(160, 0.12205392197563665)	(165, 0.1221725360883438)	(170, 0.12513788890602204)	(175, 0.13106859454137854)	(180, 0.13106859454137854)	(185, 0.13106859454137854)	(190, 0.13130582276679278)	(195, 0.13166166510491417)	(200, 0.13166166510491417)	(205, 0.13166166510491417)	(210, 0.13166166510491417)	(215, 0.13166166510491417)	(220, 0.13344087679552114)	(225, 0.13462701792259243)	(230, 0.13462701792259243)	(235, 0.13462701792259243)	(240, 0.13522008848612807)	
SRR3667021_2 - illumina_universal_adapter	(1, 0.0)	(2, 0.0)	(3, 0.0)	(4, 0.0)	(5, 0.0)	(6, 0.0)	(7, 0.0)	(8, 0.0)	(9, 0.0)	(10, 0.0)	(15, 0.0)	(20, 0.0)	(25, 0.0005930705635356495)	(30, 0.0005930705635356495)	(35, 0.002135054028728338)	(40, 0.017792116906069484)	(45, 0.037363445502745916)	(50, 0.06855895714472107)	(55, 0.14198109291043448)	(60, 0.1654666872264462)	(65, 0.16831342593141732)	(70, 0.18100513599108023)	(75, 0.18408910292146557)	(80, 0.18503801582312263)	(85, 0.1940526883888645)	(90, 0.19986477991151388)	(95, 0.2003392363623424)	(100, 0.20045785047504952)	(105, 0.20330458918002065)	(110, 0.21113312061869122)	(115, 0.21291233230929815)	(120, 0.21338678876012668)	(125, 0.21350540287283382)	(130, 0.21350540287283382)	(135, 0.21350540287283382)	(140, 0.21350540287283382)	(145, 0.21350540287283382)	(150, 0.21350540287283382)	(155, 0.21469154399990514)	(160, 0.21647075569051205)	(165, 0.21647075569051205)	(170, 0.21647075569051205)	(175, 0.21647075569051205)	(180, 0.21647075569051205)	(185, 0.21647075569051205)	(190, 0.22643434115791097)	(195, 0.22892523752476066)	(200, 0.22892523752476066)	(205, 0.22892523752476066)	(210, 0.22892523752476066)	(215, 0.22904385163746782)	(220, 0.22951830808829637)	(225, 0.22951830808829637)	(230, 0.22951830808829637)	(235, 0.22951830808829637)	(240, 0.22951830808829635)	
SRR3667022_1 - illumina_universal_adapter	(1, 0.0)	(2, 0.0)	(3, 0.0)	(4, 0.0)	(5, 0.0)	(6, 0.0)	(7, 0.0)	(8, 0.0)	(9, 0.0)	(10, 0.0)	(15, 0.0)	(20, 0.0)	(25, 0.0)	(30, 0.0)	(35, 0.004105810149049462)	(40, 0.017791843979214333)	(45, 0.04088702606761756)	(50, 0.12813549173491862)	(55, 0.280905844364134)	(60, 0.3280371233667643)	(65, 0.3280371233667643)	(70, 0.3496781643607126)	(75, 0.35729102067874174)	(80, 0.36216667023073795)	(85, 0.3887688984881209)	(90, 0.39646729251758867)	(95, 0.39817804674635926)	(100, 0.398776810726429)	(105, 0.4075871950045976)	(110, 0.40972563779056087)	(115, 0.41220623142227836)	(120, 0.41631204157132773)	(125, 0.41699634326283597)	(130, 0.41699634326283597)	(135, 0.41733849410859014)	(140, 0.41827940893441395)	(145, 0.42170091739195514)	(150, 0.42170091739195514)	(155, 0.42178645510339374)	(160, 0.42212860594914775)	(165, 0.42212860594914775)	(170, 0.42212860594914775)	(175, 0.42212860594914775)	(180, 0.42212860594914775)	(185, 0.42212860594914775)	(190, 0.4388939973910998)	(195, 0.4433419583859034)	(200, 0.4435130338087804)	(205, 0.44376964694309606)	(210, 0.4439407223659731)	(215, 0.4439407223659731)	(220, 0.4439407223659731)	(225, 0.4439407223659731)	(230, 0.4439407223659731)	(235, 0.4441117977888502)	(240, 0.44436841092316576)	
SRR3667022_1 - polya	(1, 0.0)	(2, 0.0)	(3, 0.0)	(4, 0.0)	(5, 0.0)	(6, 0.0)	(7, 0.0)	(8, 0.0)	(9, 0.0)	(10, 0.0)	(15, 0.0)	(20, 0.0)	(25, 0.0)	(30, 0.0)	(35, 0.0)	(40, 0.0)	(45, 0.0)	(50, 0.0)	(55, 0.0)	(60, 0.0)	(65, 0.0)	(70, 0.0)	(75, 0.0)	(80, 0.0)	(85, 0.0005132262686311828)	(90, 0.0008553771143853046)	(95, 0.0009409148258238351)	(100, 0.005559951243504479)	(105, 0.012146355024271326)	(110, 0.03507046168979749)	(115, 0.07801039283193978)	(120, 0.17637876098624983)	(125, 0.18262301392126254)	(130, 0.18287962705557814)	(135, 0.19853302824882918)	(140, 0.20015824476616131)	(145, 0.20289545153219427)	(150, 0.21752240018818297)	(155, 0.2198319183970233)	(160, 0.2215426726257939)	(165, 0.22222697431730215)	(170, 0.22966875521245428)	(175, 0.230267519192524)	(180, 0.23326133909287255)	(185, 0.23548531959027436)	(190, 0.23565639501315144)	(195, 0.23565639501315144)	(200, 0.23565639501315144)	(205, 0.23668284755041377)	(210, 0.2397622051622009)	(215, 0.24036096914227062)	(220, 0.24036096914227062)	(225, 0.2406175822765862)	(230, 0.24078865769946325)	(235, 0.24104527083377886)	(240, 0.24121634625665592)	
SRR3667022_2 - illumina_universal_adapter	(1, 0.0)	(2, 0.0)	(3, 0.0)	(4, 0.0)	(5, 0.0)	(6, 0.0)	(7, 0.0)	(8, 0.0)	(9, 0.0)	(10, 0.0)	(15, 0.0)	(20, 0.0)	(25, 0.0)	(30, 0.0)	(35, 0.004105810149049462)	(40, 0.017791843979214333)	(45, 0.04080148835617903)	(50, 0.12899086884930394)	(55, 0.27962277869255614)	(60, 0.32675405769518634)	(65, 0.32675405769518634)	(70, 0.34839509868913454)	(75, 0.3558368795842867)	(80, 0.3601137651562133)	(85, 0.3857750785877724)	(90, 0.39347347261724014)	(95, 0.39518422684601073)	(100, 0.3957829908260805)	(105, 0.4052776767957574)	(110, 0.4075871950045976)	(115, 0.409725637790561)	(120, 0.4133182216709792)	(125, 0.41400252336248744)	(130, 0.41400252336248744)	(135, 0.4143446742082416)	(140, 0.4153711267455039)	(145, 0.4191347860487992)	(150, 0.4191347860487992)	(155, 0.41922032376023777)	(160, 0.41956247460599194)	(165, 0.41956247460599194)	(170, 0.41956247460599194)	(175, 0.41956247460599194)	(180, 0.41956247460599194)	(185, 0.41956247460599194)	(190, 0.4370121677394521)	(195, 0.44163120415713275)	(200, 0.44180227958000984)	(205, 0.4420588927143255)	(210, 0.4422299681372025)	(215, 0.4422299681372025)	(220, 0.4422299681372025)	(225, 0.4422299681372025)	(230, 0.4422299681372025)	(235, 0.4422299681372025)	(240, 0.4422299681372025)	
SRR3667022_2 - polya	(1, 0.0)	(2, 0.0)	(3, 0.0)	(4, 0.0)	(5, 0.0)	(6, 0.0)	(7, 0.0)	(8, 0.0)	(9, 0.0)	(10, 0.0)	(15, 0.0)	(20, 0.0)	(25, 0.0)	(30, 0.0)	(35, 0.0)	(40, 0.0)	(45, 8.553771143853046e-05)	(50, 0.0004276885571926523)	(55, 0.0004276885571926523)	(60, 0.0004276885571926523)	(65, 0.0004276885571926523)	(70, 0.0004276885571926523)	(75, 0.0004276885571926523)	(80, 0.0004276885571926523)	(85, 0.0004276885571926523)	(90, 0.0005987639800697133)	(95, 0.004619036417680645)	(100, 0.010007912238308065)	(105, 0.03019481213780125)	(110, 0.06235699163868871)	(115, 0.12736565233197186)	(120, 0.1311293116352672)	(125, 0.13292560357547634)	(130, 0.1415649124307679)	(135, 0.1421636764108376)	(140, 0.14395996835104677)	(145, 0.14892115561448155)	(150, 0.1493488441716742)	(155, 0.14986207044030536)	(160, 0.15037529670893654)	(165, 0.15182943780339156)	(170, 0.15200051322626862)	(175, 0.15302696576353098)	(180, 0.15354019203216218)	(185, 0.15354019203216218)	(190, 0.15354019203216218)	(195, 0.15354019203216218)	(200, 0.15354019203216218)	(205, 0.15354019203216218)	(210, 0.15396788058935484)	(215, 0.15396788058935484)	(220, 0.15396788058935484)	(225, 0.15396788058935484)	(230, 0.15396788058935484)	(235, 0.15396788058935484)	(240, 0.15396788058935484)	
SRR3667023_1 - illumina_universal_adapter	(1, 0.0)	(2, 0.0)	(3, 0.0)	(4, 0.0)	(5, 0.0)	(6, 0.0)	(7, 0.0)	(8, 0.0)	(9, 0.0)	(10, 0.0)	(15, 0.0018017013208186587)	(20, 0.004289765049568235)	(25, 0.004289765049568235)	(30, 0.0045471509525423295)	(35, 0.027883472822193528)	(40, 0.20316327274755158)	(45, 0.36874820366088545)	(50, 0.7864855241878402)	(55, 2.28584420431293)	(60, 2.6958599477506615)	(65, 2.6965463101585927)	(70, 2.7992432854452565)	(75, 2.849862513030162)	(80, 2.8662494155195124)	(85, 2.9908241925589736)	(90, 3.0652945138194783)	(95, 3.0879444732811985)	(100, 3.103559218061627)	(105, 3.178715901730062)	(110, 3.1954459854233783)	(115, 3.2166374247682454)	(120, 3.2576475786421177)	(125, 3.2705168737908226)	(130, 3.2705168737908226)	(135, 3.2705168737908226)	(140, 3.2722327798106496)	(145, 3.2785816320840104)	(150, 3.279525380394916)	(155, 3.2978855748070677)	(160, 3.3322894905046057)	(165, 3.3322894905046057)	(170, 3.3360644837482254)	(175, 3.33700823205913)	(180, 3.338552547476975)	(185, 3.340011067593828)	(190, 3.416883657282091)	(195, 3.4356728281991997)	(200, 3.4356728281991997)	(205, 3.4410779321616554)	(210, 3.4412495227636386)	(215, 3.441764294569586)	(220, 3.450258029367731)	(225, 3.4515449588826015)	(230, 3.451802344785576)	(235, 3.4519739353875587)	(240, 3.4519739353875587)	
SRR3667023_1 - polya	(1, 0.0)	(2, 0.0)	(3, 0.0)	(4, 0.0)	(5, 0.0)	(6, 0.0)	(7, 0.0)	(8, 0.0)	(9, 0.0)	(10, 0.0)	(15, 0.0)	(20, 0.0)	(25, 0.0)	(30, 0.0)	(35, 0.0003431812039654588)	(40, 0.0004289765049568235)	(45, 0.0004289765049568235)	(50, 0.0004289765049568235)	(55, 0.0004289765049568235)	(60, 0.0005147718059481882)	(65, 0.000857953009913647)	(70, 0.000857953009913647)	(75, 0.000857953009913647)	(80, 0.000857953009913647)	(85, 0.000857953009913647)	(90, 0.000857953009913647)	(95, 0.0012869295148704705)	(100, 0.029942560045986277)	(105, 0.11753956235816965)	(110, 0.2585870371879732)	(115, 0.4487952194858288)	(120, 1.5158313779154315)	(125, 1.5412267870088754)	(130, 1.5419131494168064)	(135, 1.6273652692042055)	(140, 1.6462402354223058)	(145, 1.6585947587650622)	(150, 1.750309935524831)	(155, 1.779651928463878)	(160, 1.797068374565125)	(165, 1.8045325657513736)	(170, 1.867420521378044)	(175, 1.8682784743879577)	(180, 1.888783551324894)	(185, 1.911690896689588)	(190, 1.9162380476421306)	(195, 1.9162380476421306)	(200, 1.9162380476421306)	(205, 1.9182971348659232)	(210, 1.9218147422065694)	(215, 1.9222437187115262)	(220, 1.9423198191435052)	(225, 1.959822060545744)	(230, 1.9599936511477267)	(235, 1.9638544396923379)	(240, 1.963854439692338)	
SRR3667023_2 - illumina_universal_adapter	(1, 0.0)	(2, 0.0)	(3, 0.0)	(4, 0.0)	(5, 0.0)	(6, 0.0)	(7, 0.0)	(8, 0.0)	(9, 0.0)	(10, 0.0)	(15, 0.0)	(20, 0.0)	(25, 0.0)	(30, 0.0002573859029740941)	(35, 0.024022684277582116)	(40, 0.19921668890194882)	(45, 0.36360048560140357)	(50, 0.7804798531184447)	(55, 2.2843856841960766)	(60, 2.696975286663549)	(65, 2.697833239673463)	(70, 2.800873396164092)	(75, 2.852093190855937)	(80, 2.8683942980442962)	(85, 2.9927974844817746)	(90, 3.06726780574228)	(95, 3.0906041276119303)	(100, 3.106562053596325)	(105, 3.184549982197475)	(110, 3.2018806329977307)	(115, 3.2227288911386323)	(120, 3.263395863808539)	(125, 3.276522544860218)	(130, 3.276522544860218)	(135, 3.276522544860218)	(140, 3.2782384508800453)	(145, 3.284587303153406)	(150, 3.2855310514643117)	(155, 3.3033764740705154)	(160, 3.3361502790492166)	(165, 3.3361502790492166)	(170, 3.339925272292836)	(175, 3.3408690206037415)	(180, 3.342413336021586)	(185, 3.3438718561384393)	(190, 3.4215166035356246)	(195, 3.440391569753724)	(200, 3.440391569753724)	(205, 3.445796673716181)	(210, 3.4459682643181635)	(215, 3.4464830361241114)	(220, 3.45523415682523)	(225, 3.456692676942084)	(230, 3.4569500628450585)	(235, 3.457121653447041)	(240, 3.457121653447041)	
SRR3667023_2 - polya	(1, 0.0)	(2, 0.0)	(3, 0.0)	(4, 0.0)	(5, 0.0)	(6, 0.0)	(7, 0.0)	(8, 0.0)	(9, 0.0)	(10, 0.0)	(15, 0.0)	(20, 0.0)	(25, 0.0)	(30, 0.0)	(35, 0.0)	(40, 0.0)	(45, 0.0)	(50, 0.0)	(55, 0.0)	(60, 0.0)	(65, 0.0)	(70, 0.0)	(75, 0.0)	(80, 0.0)	(85, 0.0)	(90, 0.0003431812039654588)	(95, 0.032602214376718584)	(100, 0.09900777734403485)	(105, 0.21028428272983488)	(110, 0.4240861728003157)	(115, 1.0939758829408912)	(120, 1.1103627854302418)	(125, 1.1203150403452402)	(130, 1.1757388047856618)	(135, 1.1891228717403146)	(140, 1.1971876300335031)	(145, 1.2429165254619003)	(150, 1.2508954884540973)	(155, 1.259560813854225)	(160, 1.2665960285355173)	(165, 1.2872726960744363)	(170, 1.28753008197741)	(175, 1.2983402899023222)	(180, 1.3062334575935275)	(185, 1.3070914106034413)	(190, 1.3070914106034413)	(195, 1.3070914106034413)	(200, 1.3073487965064152)	(205, 1.307520387108398)	(210, 1.307520387108398)	(215, 1.3101800414391302)	(220, 1.3109521991480526)	(225, 1.3112095850510266)	(230, 1.3118101521579664)	(235, 1.3118101521579664)	(240, 1.3118101521579664)	
SRR3667026_1 - illumina_universal_adapter	(1, 0.0006325670837392305)	(2, 0.0006325670837392305)	(3, 0.0006325670837392305)	(4, 0.0006325670837392305)	(5, 0.0006325670837392305)	(6, 0.0006325670837392305)	(7, 0.0006325670837392305)	(8, 0.0006325670837392305)	(9, 0.0006325670837392305)	(10, 0.0007590805004870766)	(15, 0.015687663676732917)	(20, 0.01960957959591615)	(25, 0.01960957959591615)	(30, 0.01960957959591615)	(35, 0.01960957959591615)	(40, 0.05047885328239059)	(45, 0.11006667257062612)	(50, 0.11512720924053996)	(55, 0.12752552408182888)	(60, 0.16889541135837455)	(65, 0.16889541135837455)	(70, 0.16927495160861808)	(75, 0.17534759561251473)	(80, 0.17661272977999318)	(85, 0.19356552762420454)	(90, 0.20583732904874563)	(95, 0.2789620839290007)	(100, 0.2995837708588996)	(105, 0.30995787103222294)	(110, 0.3124881393671799)	(115, 0.313247219867667)	(120, 0.3137532735346584)	(125, 0.3214705919562769)	(130, 0.325519021292208)	(135, 0.33817036296699265)	(140, 0.3519603253925079)	(145, 0.3558822413116911)	(150, 0.36828055615298)	(155, 0.3904204040838531)	(160, 0.39408929316954067)	(165, 0.3953544273370191)	(170, 0.41053603734676064)	(175, 0.4278683754412155)	(180, 0.4334349657781208)	(185, 0.4474779550371316)	(190, 0.49466745948407825)	(195, 0.5117467707450375)	(200, 0.5189580354996648)	(205, 0.5242715990030742)	(210, 0.5284465417557531)	(215, 0.5308502966739623)	(220, 0.5338866186759106)	(225, 0.5397062358463114)	(230, 0.5485621750186607)	(235, 0.5514719836038612)	(240, 0.5522310641043483)	(245, 0.5522310641043483)
SRR3667026_1 - polya	(1, 0.0)	(2, 0.0)	(3, 0.0)	(4, 0.0)	(5, 0.0)	(6, 0.0)	(7, 0.0)	(8, 0.0)	(9, 0.0)	(10, 0.0)	(15, 0.0)	(20, 0.0)	(25, 0.0003795402502435383)	(30, 0.0006325670837392305)	(35, 0.0006325670837392305)	(40, 0.0006325670837392305)	(45, 0.0006325670837392305)	(50, 0.001391647584226307)	(55, 0.002530268334956922)	(60, 0.006325670837392305)	(65, 0.008223372088609997)	(70, 0.008223372088609997)	(75, 0.008855939172349227)	(80, 0.019230039345672613)	(85, 0.01960957959591615)	(90, 0.01960957959591615)	(95, 0.01960957959591615)	(100, 0.019736093012663995)	(105, 0.04491226294548537)	(110, 0.0664195437926192)	(115, 0.07527548296496844)	(120, 0.0872942575560138)	(125, 0.10260238098250318)	(130, 0.10310843464949457)	(135, 0.1042470554002252)	(140, 0.10943410548688688)	(145, 0.11031969940412181)	(150, 0.1220854471616715)	(155, 0.12600736308085472)	(160, 0.1859747226193338)	(165, 0.18951709828827346)	(170, 0.19774047037688347)	(175, 0.19900560454436192)	(180, 0.19989119846159686)	(185, 0.19989119846159686)	(190, 0.20583732904874563)	(195, 0.2082410839669547)	(200, 0.22076591222499148)	(205, 0.22924231114709714)	(210, 0.23202560631554978)	(215, 0.2434118138228559)	(220, 0.25669572258137974)	(225, 0.25884645066609313)	(230, 0.25935250433308454)	(235, 0.27402806067583463)	(240, 0.28339005351517527)	(245, 0.28339005351517527)
SRR3667026_2 - illumina_universal_adapter	(1, 0.0)	(2, 0.0)	(3, 0.0)	(4, 0.0)	(5, 0.0)	(6, 0.0)	(7, 0.0)	(8, 0.0)	(9, 0.0)	(10, 0.0001265134167478461)	(15, 0.013536935592019534)	(20, 0.017079311260959226)	(25, 0.017079311260959226)	(30, 0.017079311260959226)	(35, 0.017079311260959226)	(40, 0.04769555811393798)	(45, 0.1075364042356692)	(50, 0.1124704274888352)	(55, 0.12499525574687195)	(60, 0.16699771010715686)	(65, 0.16699771010715686)	(70, 0.1673772503574004)	(75, 0.17344989436129704)	(80, 0.17471502852877546)	(85, 0.1901496653720127)	(90, 0.201409359462571)	(95, 0.27352200700884327)	(100, 0.2938906671052465)	(105, 0.3042647672785699)	(110, 0.30704806244702254)	(115, 0.3081866831977531)	(120, 0.3086927368647445)	(125, 0.3161570284528674)	(130, 0.3204584846222942)	(135, 0.3334893665473223)	(140, 0.34753235580633324)	(145, 0.35145427172551646)	(150, 0.36385258656680536)	(155, 0.3859924344976785)	(160, 0.3886492162493832)	(165, 0.38902875649962676)	(170, 0.4045899067596118)	(175, 0.4221752716875625)	(180, 0.42736232177422406)	(185, 0.4374833951140518)	(190, 0.4830282251432765)	(195, 0.5001075364042358)	(200, 0.5069392609086194)	(205, 0.5118732841617855)	(210, 0.514656579330238)	(215, 0.5154156598307251)	(220, 0.5176929013321863)	(225, 0.5227534380021001)	(230, 0.5309768100907102)	(235, 0.5333805650089192)	(240, 0.5338866186759106)	(245, 0.5338866186759106)
SRR3667026_2 - polya	(1, 0.0)	(2, 0.0)	(3, 0.0)	(4, 0.0)	(5, 0.0)	(6, 0.0)	(7, 0.0)	(8, 0.0)	(9, 0.0006325670837392305)	(10, 0.0006325670837392305)	(15, 0.0006325670837392305)	(20, 0.0006325670837392305)	(25, 0.0006325670837392305)	(30, 0.0006325670837392305)	(35, 0.001012107333982769)	(40, 0.001265134167478461)	(45, 0.001265134167478461)	(50, 0.0017711878344698455)	(55, 0.0031628354186961525)	(60, 0.006705211087635844)	(65, 0.007970345255114305)	(70, 0.012271801424541073)	(75, 0.018217932011689843)	(80, 0.018850499095429067)	(85, 0.018977012512176917)	(90, 0.019230039345672613)	(95, 0.01960957959591615)	(100, 0.038966132358336604)	(105, 0.04617739711296383)	(110, 0.05566590336905229)	(115, 0.06477486937489721)	(120, 0.0746429158812292)	(125, 0.0746429158812292)	(130, 0.07590805004870765)	(135, 0.07970345255114304)	(140, 0.08109510013536936)	(145, 0.08792682463975304)	(150, 0.09235479422592766)	(155, 0.1086750249863998)	(160, 0.11019318598737396)	(165, 0.11196437382184381)	(170, 0.11196437382184381)	(175, 0.11196437382184381)	(180, 0.1124704274888352)	(185, 0.11462115557354857)	(190, 0.11626582999127058)	(195, 0.11917563857647104)	(200, 0.12082031299419302)	(205, 0.12082031299419302)	(210, 0.12360360816264566)	(215, 0.12575433624735902)	(220, 0.1265134167478461)	(225, 0.12663993016459396)	(230, 0.12714598383158535)	(235, 0.12777855091532456)	(240, 0.1279050643320724)	(245, 0.1284111179990638)
SRR3667032_1 - illumina_universal_adapter	(1, 0.0)	(2, 0.0)	(3, 0.0)	(4, 0.0)	(5, 0.0)	(6, 0.0)	(7, 0.0)	(8, 0.0)	(9, 0.0)	(10, 0.0)	(15, 0.0)	(20, 0.015053577049225197)	(25, 0.015053577049225197)	(30, 0.015053577049225197)	(35, 0.052824370372735685)	(40, 0.28565302873408543)	(45, 0.4755105671549195)	(50, 1.0632387086767907)	(55, 2.767121163048486)	(60, 3.2460073808144436)	(65, 3.2495654990260787)	(70, 3.3727311294288307)	(75, 3.4484551836764483)	(80, 3.4940720838256154)	(85, 3.7112997623359503)	(90, 3.891851453126354)	(95, 3.9277063366436)	(100, 3.946226798104162)	(105, 4.014925849728807)	(110, 4.032169037985193)	(115, 4.051601837448738)	(120, 4.087730422366879)	(125, 4.103970038819982)	(130, 4.11774634266503)	(135, 4.135263232322311)	(140, 4.1478534967634815)	(145, 4.170753180638363)	(150, 4.1721216876428375)	(155, 4.193014227911156)	(160, 4.220110666599762)	(165, 4.220931770802447)	(170, 4.2306025536340695)	(175, 4.242554181473151)	(180, 4.246112299684787)	(185, 4.247480806689262)	(190, 4.425477951071313)	(195, 4.479762062248822)	(200, 4.485692259268214)	(205, 4.496275380102821)	(210, 4.498282523709384)	(215, 4.4983737575096825)	(220, 4.498738692710876)	(225, 4.498738692710876)	(230, 4.500654602517141)	(235, 4.5027529799240025)	(240, 4.50558122773325)	
SRR3667032_1 - polya	(1, 0.0)	(2, 0.0)	(3, 0.0)	(4, 0.0)	(5, 0.0)	(6, 0.0)	(7, 0.0)	(8, 0.0)	(9, 0.0)	(10, 0.0)	(15, 0.0)	(20, 0.0)	(25, 0.0)	(30, 0.0)	(35, 0.0)	(40, 0.0)	(45, 0.0)	(50, 0.0004561690014916726)	(55, 0.0004561690014916726)	(60, 0.0004561690014916726)	(65, 0.0004561690014916726)	(70, 0.0004561690014916726)	(75, 0.0004561690014916726)	(80, 0.0004561690014916726)	(85, 0.0004561690014916726)	(90, 0.0004561690014916726)	(95, 0.0005474028017900072)	(100, 0.03512501311485879)	(105, 0.14734258748181026)	(110, 0.30873518020956403)	(115, 0.586633335918291)	(120, 1.7685672187832147)	(125, 1.8101698317192554)	(130, 1.8112646373228354)	(135, 1.9118955190518983)	(140, 1.9508523517792873)	(145, 1.9820543114813176)	(150, 2.143355670408773)	(155, 2.2245537526742907)	(160, 2.251467723762299)	(165, 2.261229740394221)	(170, 2.3188895021827682)	(175, 2.3222651527938067)	(180, 2.3417891860576505)	(185, 2.3634115967283558)	(190, 2.3711664697537143)	(195, 2.383756734194885)	(200, 2.3918765424214365)	(205, 2.4044668068626067)	(210, 2.415962265700197)	(215, 2.417330772704672)	(220, 2.439409352376869)	(225, 2.4531856562219168)	(230, 2.4533681238225133)	(235, 2.4611229968478723)	(240, 2.467874298069949)	
SRR3667032_2 - illumina_universal_adapter	(1, 0.0)	(2, 0.0)	(3, 0.0)	(4, 0.0)	(5, 0.0)	(6, 0.0)	(7, 0.0)	(8, 0.0)	(9, 0.0)	(10, 0.0)	(15, 0.0)	(20, 0.0)	(25, 0.0)	(30, 0.0)	(35, 0.03649352011933381)	(40, 0.2667676320723301)	(45, 0.4559865338910759)	(50, 1.0429848050105603)	(55, 2.7500604423926975)	(60, 3.235789195181031)	(65, 3.2404421189962456)	(70, 3.366983400010035)	(75, 3.4424337528567586)	(80, 3.4876857178047325)	(85, 3.70473092871447)	(90, 3.8851913857045757)	(95, 3.92168490582391)	(100, 3.9404790686853657)	(105, 4.010181692113294)	(110, 4.027607347970276)	(115, 4.046492744632031)	(120, 4.081982692948084)	(125, 4.098496010802082)	(130, 4.112637249848323)	(135, 4.130245373305902)	(140, 4.142835637747073)	(145, 4.165735321621955)	(150, 4.16710382862643)	(155, 4.187996368894749)	(160, 4.214180469580371)	(165, 4.215001573783055)	(170, 4.224854824215275)	(175, 4.2367152182540595)	(180, 4.240182102665395)	(185, 4.24155060966987)	(190, 4.418088013247148)	(195, 4.4715510202219715)	(200, 4.477481217241364)	(205, 4.487699402874777)	(210, 4.489615312681042)	(215, 4.489615312681042)	(220, 4.489615312681042)	(225, 4.489615312681042)	(230, 4.491531222487307)	(235, 4.493173430892677)	(240, 4.494177002695959)	
SRR3667032_2 - polya	(1, 0.0)	(2, 0.0)	(3, 0.0)	(4, 0.0)	(5, 0.0)	(6, 0.0)	(7, 0.0)	(8, 0.0)	(9, 0.0)	(10, 0.0)	(15, 0.0)	(20, 0.0)	(25, 0.0002737014008950036)	(30, 0.001368507004475018)	(35, 0.001368507004475018)	(40, 0.001368507004475018)	(45, 0.001368507004475018)	(50, 0.001368507004475018)	(55, 0.001368507004475018)	(60, 0.001368507004475018)	(65, 0.001368507004475018)	(70, 0.001368507004475018)	(75, 0.001368507004475018)	(80, 0.001368507004475018)	(85, 0.001368507004475018)	(90, 0.002189611207160029)	(95, 0.039230534128283846)	(100, 0.12380426700483996)	(105, 0.2697783474821752)	(110, 0.5699375504636958)	(115, 1.3128543862930337)	(120, 1.3381261489756724)	(125, 1.3490742050114726)	(130, 1.4190505298402951)	(135, 1.4487927487375525)	(140, 1.4673132101981143)	(145, 1.5527080472773551)	(150, 1.5794395507647674)	(155, 1.5912087110032525)	(160, 1.598598648827418)	(165, 1.6176665130897696)	(170, 1.6186700848930513)	(175, 1.628158400124078)	(180, 1.6378291829557017)	(185, 1.6411135997664412)	(190, 1.64394184757569)	(195, 1.64448925037748)	(200, 1.6475911995876231)	(205, 1.6492334079929933)	(210, 1.649689576994485)	(215, 1.65488990361149)	(220, 1.6563496444162635)	(225, 1.6564408782165618)	(230, 1.6576269176204401)	(235, 1.658448021823125)	(240, 1.6586304894237216)	
SRR3667034_1 - polya	(1, 0.0)	(2, 0.0)	(3, 0.0)	(4, 0.0)	(5, 0.0)	(6, 0.0)	(7, 0.0)	(8, 0.0)	(9, 0.0)	(10, 0.0)	(15, 0.0)	(20, 0.0)	(25, 0.0)	(30, 0.0)	(35, 0.0)	(40, 0.0)	(45, 0.0009859404886321062)	(50, 0.001971880977264212)	(55, 0.003943761954528424)	(60, 0.03569104568848225)	(65, 0.13901760889712697)	(70, 0.13901760889712697)	(75, 0.13901760889712697)	(80, 0.13901760889712697)	(85, 0.13901760889712697)	(90, 0.13901760889712697)	(95, 0.13901760889712697)	(100, 0.13960917319030625)	(105, 0.14000354938575907)	(110, 0.14000354938575907)	(115, 0.14000354938575907)	(120, 0.14000354938575907)	(125, 0.14039792558121192)	(130, 0.1419754303630233)	(135, 0.1419754303630233)	(140, 0.1419754303630233)	(145, 0.1419754303630233)	(150, 0.1419754303630233)	(155, 0.14217261846074972)	(160, 0.1429613708516554)	(165, 0.1429613708516554)	(170, 0.1429613708516554)	(175, 0.1429613708516554)	(180, 0.1429613708516554)	(185, 0.1429613708516554)	(190, 0.14335574704710824)	(195, 0.14434168753574034)	(200, 0.1449332518289196)	(205, 0.14552481612209886)	(210, 0.1469051328061838)	(215, 0.1469051328061838)	(220, 0.1469051328061838)	(225, 0.14710232090391023)	(230, 0.1484826375879952)	(235, 0.14887701378344803)	(240, 0.14887701378344803)	(245, 0.14887701378344803)
SRR3667034_2 - polya	(1, 0.0)	(2, 0.0)	(3, 0.0)	(4, 0.0)	(5, 0.0)	(6, 0.0)	(7, 0.0)	(8, 0.0)	(9, 0.0)	(10, 0.0)	(15, 0.0)	(20, 0.0)	(25, 0.0)	(30, 0.0)	(35, 0.000788752390905685)	(40, 0.0013803166840849485)	(45, 0.0019718809772642123)	(50, 0.0027606333681698967)	(55, 0.03371916471121803)	(60, 0.14276418275392896)	(65, 0.1429613708516554)	(70, 0.1429613708516554)	(75, 0.14375012324256106)	(80, 0.14532762802437243)	(85, 0.1459191923175517)	(90, 0.1459191923175517)	(95, 0.14611638041527814)	(100, 0.1469051328061838)	(105, 0.1469051328061838)	(110, 0.1469051328061838)	(115, 0.1469051328061838)	(120, 0.1469051328061838)	(125, 0.1469051328061838)	(130, 0.1469051328061838)	(135, 0.1469051328061838)	(140, 0.1469051328061838)	(145, 0.1469051328061838)	(150, 0.14769388519708954)	(155, 0.14887701378344803)	(160, 0.14887701378344803)	(165, 0.14887701378344803)	(170, 0.14887701378344803)	(175, 0.14887701378344803)	(180, 0.14887701378344803)	(185, 0.14887701378344803)	(190, 0.14887701378344803)	(195, 0.14887701378344803)	(200, 0.14887701378344803)	(205, 0.14927138997890088)	(210, 0.14986295427208013)	(215, 0.14986295427208013)	(220, 0.14986295427208013)	(225, 0.15065170666298583)	(230, 0.15084889476071225)	(235, 0.15084889476071225)	(240, 0.1512432709561651)	(245, 0.15183483524934435)
SRR3667040_1 - illumina_universal_adapter	(1, 0.0)	(2, 0.0)	(3, 0.0)	(4, 0.0)	(5, 0.0)	(6, 0.0)	(7, 0.0)	(8, 0.0)	(9, 0.0)	(10, 0.0)	(15, 0.0)	(20, 0.006559858710735461)	(25, 0.006559858710735461)	(30, 0.006862621420461713)	(35, 0.057524914847987885)	(40, 0.3427273874101173)	(45, 0.5106597704049451)	(50, 1.0848997098524031)	(55, 2.9005676800807363)	(60, 3.416677179260754)	(65, 3.4304024221016776)	(70, 3.512854800050461)	(75, 3.65616248265422)	(80, 3.7864513687397503)	(85, 4.052579790589125)	(90, 4.331222404440519)	(95, 4.39227955090198)	(100, 4.440116059038727)	(105, 4.5277154030528575)	(110, 4.544367352087802)	(115, 4.574441781253943)	(120, 4.629241831714394)	(125, 4.656187712880031)	(130, 4.657398763718935)	(135, 4.6659770404945125)	(140, 4.676876498044658)	(145, 4.694335814305537)	(150, 4.7124006559858715)	(155, 4.751759808250283)	(160, 4.793440141289265)	(165, 4.795256717547622)	(170, 4.7998990790967575)	(175, 4.801917497161599)	(180, 4.806458937807493)	(185, 4.814229847357134)	(190, 5.14141541566797)	(195, 5.22568436987511)	(200, 5.226491737101047)	(205, 5.227702787939952)	(210, 5.228308313359404)	(215, 5.231739624069635)	(220, 5.237088431941466)	(225, 5.239308691812791)	(230, 5.246272234136495)	(235, 5.248896177620789)	(240, 5.252428409234263)	
SRR3667040_1 - polya	(1, 0.0)	(2, 0.0)	(3, 0.0)	(4, 0.0)	(5, 0.0)	(6, 0.0)	(7, 0.0)	(8, 0.0)	(9, 0.0)	(10, 0.0)	(15, 0.0)	(20, 0.0)	(25, 0.0)	(30, 0.0)	(35, 0.0)	(40, 0.00010092090324208402)	(45, 0.0005046045162104201)	(50, 0.0005046045162104201)	(55, 0.0005046045162104201)	(60, 0.0005046045162104201)	(65, 0.0005046045162104201)	(70, 0.0005046045162104201)	(75, 0.0005046045162104201)	(80, 0.0005046045162104201)	(85, 0.0005046045162104201)	(90, 0.0005046045162104201)	(95, 0.0008073672259366722)	(100, 0.04924940078213701)	(105, 0.1890248517724234)	(110, 0.3429292292166015)	(115, 0.6213700012615113)	(120, 1.9477734325722218)	(125, 1.996720070644632)	(130, 2.009436104453135)	(135, 2.074328245237795)	(140, 2.1855430806105716)	(145, 2.2576006055254196)	(150, 2.4735713384634797)	(155, 2.6018418064841677)	(160, 2.6517976535889995)	(165, 2.685807997981582)	(170, 2.7476725116689793)	(175, 2.752113031411631)	(180, 2.778453387157815)	(185, 2.815087675034692)	(190, 2.8269963416172574)	(195, 2.82760186703671)	(200, 2.835978302005803)	(205, 2.845767629620285)	(210, 2.8565661662671884)	(215, 2.8756402169799418)	(220, 2.9081367478238933)	(225, 2.933064210924688)	(230, 2.933266052731172)	(235, 2.936697363441403)	(240, 2.938312097893276)	
SRR3667040_2 - illumina_universal_adapter	(1, 0.0)	(2, 0.0)	(3, 0.0)	(4, 0.0)	(5, 0.0)	(6, 0.0)	(7, 0.0)	(8, 0.0)	(9, 0.0)	(10, 0.0)	(15, 0.0)	(20, 0.0)	(25, 0.0)	(30, 0.0003027627097262521)	(35, 0.048038349943231994)	(40, 0.32052478869685885)	(45, 0.4837138892393087)	(50, 1.0428156932004542)	(55, 2.8403179008452124)	(60, 3.35592279550902)	(65, 3.3708590891888486)	(70, 3.4526050208149366)	(75, 3.594297968966822)	(80, 3.722972120600479)	(85, 3.9833480509650565)	(90, 4.261687902106724)	(95, 4.321836760439007)	(100, 4.369370505866027)	(105, 4.456465245363946)	(110, 4.473218115302132)	(115, 4.502888860855305)	(120, 4.557587990412514)	(125, 4.5845338715781505)	(130, 4.585744922417056)	(135, 4.594323199192633)	(140, 4.605222656742778)	(145, 4.622681973003658)	(150, 4.640746814683991)	(155, 4.679197678819225)	(160, 4.71865775198688)	(165, 4.72057524914848)	(170, 4.725621294310583)	(175, 4.727639712375426)	(180, 4.731777469408351)	(185, 4.739649299861234)	(190, 5.065926580042891)	(195, 5.149993692443547)	(200, 5.150801059669483)	(205, 5.152012110508389)	(210, 5.152617635927841)	(215, 5.156048946638073)	(220, 5.161195912703418)	(225, 5.1631134098650175)	(230, 5.169976031285481)	(235, 5.1727008956730165)	(240, 5.17623312728649)	
SRR3667040_2 - polya	(1, 0.0)	(2, 0.0)	(3, 0.0)	(4, 0.0)	(5, 0.0)	(6, 0.0)	(7, 0.0)	(8, 0.0)	(9, 0.0)	(10, 0.0)	(15, 0.0)	(20, 0.0)	(25, 0.0)	(30, 0.0)	(35, 0.0)	(40, 0.0)	(45, 0.0)	(50, 0.0)	(55, 0.0)	(60, 0.0)	(65, 0.0)	(70, 0.0)	(75, 0.0)	(80, 0.0)	(85, 0.0)	(90, 0.0009082881291787562)	(95, 0.0315882427147723)	(100, 0.09032420840166519)	(105, 0.18478617383625584)	(110, 0.4050965056137252)	(115, 0.9975022076447584)	(120, 1.0183928346158697)	(125, 1.0284849249400783)	(130, 1.064311845591018)	(135, 1.1263782010848997)	(140, 1.1537277658635046)	(145, 1.2270972625204994)	(150, 1.2567680080736723)	(155, 1.2702914091081114)	(160, 1.285328623691182)	(165, 1.2971363693705058)	(170, 1.299962154661284)	(175, 1.3065220133720197)	(180, 1.3149993692443547)	(185, 1.317421470922165)	(190, 1.317926075438375)	(195, 1.3208527816323954)	(200, 1.3213573861486059)	(205, 1.3219629115680587)	(210, 1.3239813296329002)	(215, 1.3267061940204363)	(220, 1.3284218493755522)	(225, 1.3288255329885204)	(230, 1.329632900214457)	(235, 1.329834742020941)	(240, 1.3301375047306674)	
SRR3667042_1 - illumina_universal_adapter	(1, 0.0)	(2, 0.0)	(3, 0.0)	(4, 0.0)	(5, 0.0)	(6, 0.0)	(7, 0.0)	(8, 0.0)	(9, 0.0)	(10, 0.0)	(15, 0.0)	(20, 0.0007948430582381509)	(25, 0.0007948430582381509)	(30, 0.0007948430582381509)	(35, 0.0015896861164763018)	(40, 0.010571412674567406)	(45, 0.018440358951125103)	(50, 0.04021905874685043)	(55, 0.1616710780456399)	(60, 0.19433912773922787)	(65, 0.19735953136053289)	(70, 0.2092026929282813)	(75, 0.21293845530200062)	(80, 0.21349484544276734)	(85, 0.22986861244247322)	(90, 0.2360683882967308)	(95, 0.23622735690837843)	(100, 0.23718116857826424)	(105, 0.24346042873834564)	(110, 0.24632186374800297)	(115, 0.24791154986447927)	(120, 0.24958072028677938)	(125, 0.24958072028677938)	(130, 0.24958072028677938)	(135, 0.249739688898427)	(140, 0.24997814181589845)	(145, 0.24997814181589845)	(150, 0.24997814181589845)	(155, 0.2511704064032557)	(160, 0.25355493557797015)	(165, 0.25355493557797015)	(170, 0.2537139041896178)	(175, 0.2539523571070892)	(180, 0.2539523571070892)	(185, 0.25411132571873685)	(190, 0.2657160343690138)	(195, 0.2690543752136141)	(200, 0.2690543752136141)	(205, 0.27040560841261896)	(210, 0.2706440613300904)	(215, 0.27072354563591416)	(220, 0.2710414828592094)	(225, 0.2710414828592094)	(230, 0.2710414828592094)	(235, 0.2710414828592094)	(240, 0.2710414828592094)	
SRR3667042_1 - polya	(1, 0.0)	(2, 0.0)	(3, 0.0)	(4, 0.0)	(5, 0.0)	(6, 0.0)	(7, 0.0)	(8, 0.0)	(9, 0.0)	(10, 0.0)	(15, 0.0)	(20, 0.0)	(25, 0.0)	(30, 0.00023845291747144528)	(35, 0.00039742152911907545)	(40, 0.00039742152911907545)	(45, 0.00039742152911907545)	(50, 0.0007948430582381509)	(55, 0.0007948430582381509)	(60, 0.0007948430582381509)	(65, 0.0009538116698857811)	(70, 0.0011922645873572264)	(75, 0.0011922645873572264)	(80, 0.0015896861164763018)	(85, 0.0015896861164763018)	(90, 0.0015896861164763018)	(95, 0.0015896861164763018)	(100, 0.0033383408446002335)	(105, 0.007948430582381507)	(110, 0.014386659354110532)	(115, 0.0242427132762636)	(120, 0.11358307302223176)	(125, 0.1164445080318891)	(130, 0.11755728831342252)	(135, 0.1256646875074517)	(140, 0.12622107764821838)	(145, 0.12725437362392797)	(150, 0.1384616607450859)	(155, 0.14028979977903364)	(160, 0.1405282526965051)	(165, 0.14219742311880518)	(170, 0.14545627965758162)	(175, 0.1470459657740579)	(180, 0.14823823036141515)	(185, 0.1490330734196533)	(190, 0.14958946356042002)	(195, 0.14982791647789145)	(200, 0.15014585370118672)	(205, 0.15022533800701052)	(210, 0.15030482231283432)	(215, 0.15062275953612958)	(220, 0.15205347704095826)	(225, 0.1537226474632584)	(230, 0.1538021317690822)	(235, 0.1538021317690822)	(240, 0.1538021317690822)	
SRR3667042_2 - illumina_universal_adapter	(1, 0.0)	(2, 0.0)	(3, 0.0)	(4, 0.0)	(5, 0.0)	(6, 0.0)	(7, 0.0)	(8, 0.0)	(9, 0.0)	(10, 0.0)	(15, 0.0)	(20, 0.0)	(25, 0.0)	(30, 0.0)	(35, 0.0007948430582381509)	(40, 0.009697085310505442)	(45, 0.017168610057944057)	(50, 0.037437108043016906)	(55, 0.15674305108456338)	(60, 0.18917264786067994)	(65, 0.1921930514819849)	(70, 0.2034003386031428)	(75, 0.20697713236521448)	(80, 0.2075335225059812)	(85, 0.22366883658821565)	(90, 0.22970964383082562)	(95, 0.22986861244247322)	(100, 0.23082242411235904)	(105, 0.23678374704914512)	(110, 0.23956569775297867)	(115, 0.24115538386945498)	(120, 0.2428245542917551)	(125, 0.2428245542917551)	(130, 0.2428245542917551)	(135, 0.24298352290340275)	(140, 0.24322197582087418)	(145, 0.24322197582087418)	(150, 0.24322197582087418)	(155, 0.2442552717965838)	(160, 0.24600392652470768)	(165, 0.24600392652470768)	(170, 0.24616289513635534)	(175, 0.2464013480538268)	(180, 0.2464013480538268)	(185, 0.2464013480538268)	(190, 0.2571317293400418)	(195, 0.2603111015729944)	(200, 0.2603111015729944)	(205, 0.2616623347719993)	(210, 0.2619007876894707)	(215, 0.2619007876894707)	(220, 0.2619007876894707)	(225, 0.2619007876894707)	(230, 0.2619007876894707)	(235, 0.2619007876894707)	(240, 0.2619007876894707)	
