Sample	0	1	2	3	4	5	6	7	8	9	10	11	12	13	14	15	16	17	18	19	20	21	22	23	24	25	26	27	28	29	30	31	32	33	34	35	36	37	38	39	40	41	42	43	44	45	46	47	48	49
SRR3666996_1	(55, 1.0)	(60, 0.0)	(65, 0.0)	(70, 0.0)	(75, 0.0)	(80, 0.0)	(85, 0.0)	(90, 0.0)	(95, 1.0)	(100, 0.0)	(105, 0.0)	(110, 0.0)	(115, 0.0)	(120, 0.0)	(125, 0.0)	(130, 1.0)	(135, 1.0)	(140, 0.0)	(145, 0.0)	(150, 0.0)	(155, 0.0)	(160, 0.0)	(165, 0.0)	(170, 0.0)	(175, 0.0)	(180, 0.0)	(185, 0.0)	(190, 0.0)	(195, 0.0)	(200, 1.0)	(205, 0.0)	(210, 0.0)	(215, 0.0)	(220, 0.0)	(225, 0.0)	(230, 1.0)	(235, 0.0)	(240, 0.0)	(245, 0.0)	(250, 0.0)	(255, 1.0)	(260, 0.0)	(265, 0.0)	(270, 0.0)	(275, 0.0)	(280, 0.0)	(285, 4.0)	(290, 1.0)	(295, 1887.0)	(300, 112536.0)
SRR3666996_2	(55, 1.0)	(60, 0.0)	(65, 0.0)	(70, 0.0)	(75, 0.0)	(80, 0.0)	(85, 0.0)	(90, 0.0)	(95, 1.0)	(100, 0.0)	(105, 0.0)	(110, 0.0)	(115, 0.0)	(120, 0.0)	(125, 0.0)	(130, 1.0)	(135, 1.0)	(140, 0.0)	(145, 0.0)	(150, 0.0)	(155, 0.0)	(160, 0.0)	(165, 0.0)	(170, 0.0)	(175, 0.0)	(180, 0.0)	(185, 0.0)	(190, 0.0)	(195, 0.0)	(200, 1.0)	(205, 0.0)	(210, 0.0)	(215, 0.0)	(220, 0.0)	(225, 0.0)	(230, 0.0)	(235, 0.0)	(240, 0.0)	(245, 0.0)	(250, 0.0)	(255, 1.0)	(260, 0.0)	(265, 0.0)	(270, 0.0)	(275, 0.0)	(280, 0.0)	(285, 0.0)	(290, 0.0)	(295, 14038.0)	(300, 100391.0)
SRR3666997_1	(165, 1.0)	(170, 1.0)	(175, 0.0)	(180, 0.0)	(185, 0.0)	(190, 0.0)	(195, 0.0)	(200, 0.0)	(205, 0.0)	(210, 0.0)	(215, 0.0)	(220, 0.0)	(225, 0.0)	(230, 0.0)	(235, 0.0)	(240, 0.0)	(245, 0.0)	(250, 0.0)	(255, 0.0)	(260, 0.0)	(265, 0.0)	(270, 0.0)	(275, 0.0)	(280, 0.0)	(285, 0.0)	(290, 0.0)	(295, 852.0)	(300, 46818.0)																						
SRR3666997_2	(165, 1.0)	(170, 0.0)	(175, 0.0)	(180, 0.0)	(185, 0.0)	(190, 0.0)	(195, 0.0)	(200, 0.0)	(205, 0.0)	(210, 0.0)	(215, 0.0)	(220, 0.0)	(225, 0.0)	(230, 0.0)	(235, 0.0)	(240, 0.0)	(245, 0.0)	(250, 0.0)	(255, 0.0)	(260, 0.0)	(265, 0.0)	(270, 0.0)	(275, 0.0)	(280, 0.0)	(285, 0.0)	(290, 1.0)	(295, 5901.0)	(300, 41769.0)																						
SRR3666998_1	(55, 1.0)	(60, 1.0)	(65, 0.0)	(70, 0.0)	(75, 1.0)	(80, 0.0)	(85, 0.0)	(90, 0.0)	(95, 0.0)	(100, 0.0)	(105, 0.0)	(110, 1.0)	(115, 0.0)	(120, 0.0)	(125, 0.0)	(130, 0.0)	(135, 0.0)	(140, 0.0)	(145, 0.0)	(150, 0.0)	(155, 1.0)	(160, 0.0)	(165, 1.0)	(170, 0.0)	(175, 2.0)	(180, 1.0)	(185, 1.0)	(190, 1.0)	(195, 1.0)	(200, 2.0)	(205, 0.0)	(210, 0.0)	(215, 0.0)	(220, 1.0)	(225, 1.0)	(230, 1.0)	(235, 3.0)	(240, 1.0)	(245, 21386.0)	(250, 235323.0)										
SRR3666998_2	(55, 1.0)	(60, 1.0)	(65, 1.0)	(70, 0.0)	(75, 1.0)	(80, 0.0)	(85, 0.0)	(90, 0.0)	(95, 0.0)	(100, 0.0)	(105, 0.0)	(110, 1.0)	(115, 0.0)	(120, 0.0)	(125, 1.0)	(130, 0.0)	(135, 0.0)	(140, 1.0)	(145, 0.0)	(150, 0.0)	(155, 1.0)	(160, 1.0)	(165, 0.0)	(170, 0.0)	(175, 1.0)	(180, 1.0)	(185, 0.0)	(190, 1.0)	(195, 0.0)	(200, 1.0)	(205, 0.0)	(210, 0.0)	(215, 0.0)	(220, 0.0)	(225, 1.0)	(230, 1.0)	(235, 1.0)	(240, 1.0)	(245, 1016.0)	(250, 255697.0)										
SRR3666999_1	(35, 1.0)	(40, 0.0)	(45, 0.0)	(50, 5.0)	(55, 35.0)	(60, 0.0)	(65, 0.0)	(70, 6.0)	(75, 0.0)	(80, 2.0)	(85, 14.0)	(90, 0.0)	(95, 16.0)	(100, 0.0)	(105, 0.0)	(110, 0.0)	(115, 2.0)	(120, 1.0)	(125, 0.0)	(130, 0.0)	(135, 0.0)	(140, 0.0)	(145, 0.0)	(150, 1.0)	(155, 2.0)	(160, 2.0)	(165, 1.0)	(170, 0.0)	(175, 0.0)	(180, 0.0)	(185, 0.0)	(190, 0.0)	(195, 6.0)	(200, 0.0)	(205, 1.0)	(210, 6.0)	(215, 0.0)	(220, 0.0)	(225, 0.0)	(230, 0.0)	(235, 1.0)	(240, 1.0)	(245, 1.0)	(250, 30797.0)	(255, 131312.0)					
SRR3666999_2	(35, 1.0)	(40, 0.0)	(45, 0.0)	(50, 5.0)	(55, 35.0)	(60, 0.0)	(65, 0.0)	(70, 6.0)	(75, 0.0)	(80, 2.0)	(85, 13.0)	(90, 0.0)	(95, 16.0)	(100, 0.0)	(105, 0.0)	(110, 0.0)	(115, 2.0)	(120, 1.0)	(125, 0.0)	(130, 0.0)	(135, 0.0)	(140, 0.0)	(145, 0.0)	(150, 1.0)	(155, 2.0)	(160, 2.0)	(165, 1.0)	(170, 0.0)	(175, 0.0)	(180, 0.0)	(185, 0.0)	(190, 0.0)	(195, 7.0)	(200, 0.0)	(205, 1.0)	(210, 6.0)	(215, 0.0)	(220, 0.0)	(225, 0.0)	(230, 0.0)	(235, 1.0)	(240, 0.0)	(245, 1.0)	(250, 103.0)	(255, 162007.0)					
SRR3667000_1	(35, 3.0)	(40, 0.0)	(45, 2.0)	(50, 0.0)	(55, 1.0)	(60, 0.0)	(65, 0.0)	(70, 0.0)	(75, 0.0)	(80, 0.0)	(85, 8.0)	(90, 0.0)	(95, 0.0)	(100, 6.0)	(105, 0.0)	(110, 0.0)	(115, 0.0)	(120, 0.0)	(125, 1.0)	(130, 0.0)	(135, 1.0)	(140, 0.0)	(145, 0.0)	(150, 0.0)	(155, 2.0)	(160, 0.0)	(165, 0.0)	(170, 0.0)	(175, 0.0)	(180, 0.0)	(185, 0.0)	(190, 2.0)	(195, 0.0)	(200, 0.0)	(205, 1.0)	(210, 0.0)	(215, 0.0)	(220, 1.0)	(225, 0.0)	(230, 0.0)	(235, 0.0)	(240, 0.0)	(245, 2.0)	(250, 72900.0)	(255, 148679.0)					
SRR3667000_2	(35, 3.0)	(40, 0.0)	(45, 2.0)	(50, 0.0)	(55, 1.0)	(60, 0.0)	(65, 0.0)	(70, 0.0)	(75, 0.0)	(80, 0.0)	(85, 8.0)	(90, 0.0)	(95, 0.0)	(100, 6.0)	(105, 0.0)	(110, 0.0)	(115, 0.0)	(120, 0.0)	(125, 1.0)	(130, 0.0)	(135, 1.0)	(140, 0.0)	(145, 0.0)	(150, 0.0)	(155, 2.0)	(160, 0.0)	(165, 0.0)	(170, 0.0)	(175, 0.0)	(180, 0.0)	(185, 0.0)	(190, 2.0)	(195, 0.0)	(200, 0.0)	(205, 1.0)	(210, 0.0)	(215, 0.0)	(220, 0.0)	(225, 0.0)	(230, 0.0)	(235, 0.0)	(240, 0.0)	(245, 2.0)	(250, 144.0)	(255, 221436.0)					
SRR3667001_1	(35, 4.0)	(40, 1.0)	(45, 7.0)	(50, 0.0)	(55, 6.0)	(60, 6.0)	(65, 0.0)	(70, 0.0)	(75, 0.0)	(80, 0.0)	(85, 0.0)	(90, 0.0)	(95, 0.0)	(100, 0.0)	(105, 0.0)	(110, 1.0)	(115, 0.0)	(120, 0.0)	(125, 0.0)	(130, 0.0)	(135, 0.0)	(140, 0.0)	(145, 0.0)	(150, 0.0)	(155, 0.0)	(160, 0.0)	(165, 0.0)	(170, 0.0)	(175, 1.0)	(180, 0.0)	(185, 2.0)	(190, 1.0)	(195, 1.0)	(200, 0.0)	(205, 1.0)	(210, 1.0)	(215, 0.0)	(220, 0.0)	(225, 1.0)	(230, 0.0)	(235, 0.0)	(240, 2.0)	(245, 0.0)	(250, 51946.0)	(255, 108865.0)					
SRR3667001_2	(35, 4.0)	(40, 1.0)	(45, 7.0)	(50, 0.0)	(55, 7.0)	(60, 6.0)	(65, 0.0)	(70, 0.0)	(75, 0.0)	(80, 0.0)	(85, 0.0)	(90, 0.0)	(95, 0.0)	(100, 0.0)	(105, 0.0)	(110, 0.0)	(115, 0.0)	(120, 0.0)	(125, 0.0)	(130, 0.0)	(135, 0.0)	(140, 0.0)	(145, 0.0)	(150, 0.0)	(155, 0.0)	(160, 0.0)	(165, 0.0)	(170, 0.0)	(175, 1.0)	(180, 0.0)	(185, 2.0)	(190, 1.0)	(195, 1.0)	(200, 0.0)	(205, 1.0)	(210, 1.0)	(215, 1.0)	(220, 0.0)	(225, 1.0)	(230, 0.0)	(235, 0.0)	(240, 2.0)	(245, 2.0)	(250, 88.0)	(255, 160720.0)					
SRR3667002_1	(45, 2.0)	(50, 0.0)	(55, 4.0)	(60, 0.0)	(65, 0.0)	(70, 0.0)	(75, 0.0)	(80, 0.0)	(85, 1.0)	(90, 0.0)	(95, 1.0)	(100, 0.0)	(105, 0.0)	(110, 0.0)	(115, 0.0)	(120, 0.0)	(125, 0.0)	(130, 0.0)	(135, 0.0)	(140, 0.0)	(145, 0.0)	(150, 0.0)	(155, 0.0)	(160, 1.0)	(165, 0.0)	(170, 1.0)	(175, 0.0)	(180, 0.0)	(185, 0.0)	(190, 0.0)	(195, 0.0)	(200, 0.0)	(205, 0.0)	(210, 0.0)	(215, 0.0)	(220, 0.0)	(225, 0.0)	(230, 1.0)	(235, 0.0)	(240, 0.0)	(245, 2684.0)	(250, 100949.0)	(255, 20176.0)							
SRR3667002_2	(45, 2.0)	(50, 0.0)	(55, 4.0)	(60, 0.0)	(65, 0.0)	(70, 0.0)	(75, 0.0)	(80, 0.0)	(85, 1.0)	(90, 0.0)	(95, 1.0)	(100, 0.0)	(105, 0.0)	(110, 0.0)	(115, 0.0)	(120, 0.0)	(125, 0.0)	(130, 0.0)	(135, 0.0)	(140, 0.0)	(145, 0.0)	(150, 0.0)	(155, 0.0)	(160, 1.0)	(165, 0.0)	(170, 1.0)	(175, 0.0)	(180, 0.0)	(185, 0.0)	(190, 0.0)	(195, 0.0)	(200, 0.0)	(205, 0.0)	(210, 0.0)	(215, 0.0)	(220, 0.0)	(225, 0.0)	(230, 0.0)	(235, 0.0)	(240, 0.0)	(245, 37.0)	(250, 86007.0)	(255, 37766.0)							
SRR3667003_1	(40, 1.0)	(45, 1.0)	(50, 0.0)	(55, 0.0)	(60, 0.0)	(65, 0.0)	(70, 0.0)	(75, 0.0)	(80, 0.0)	(85, 1.0)	(90, 0.0)	(95, 0.0)	(100, 0.0)	(105, 0.0)	(110, 0.0)	(115, 0.0)	(120, 0.0)	(125, 0.0)	(130, 0.0)	(135, 0.0)	(140, 0.0)	(145, 0.0)	(150, 0.0)	(155, 0.0)	(160, 0.0)	(165, 0.0)	(170, 0.0)	(175, 0.0)	(180, 0.0)	(185, 1.0)	(190, 0.0)	(195, 0.0)	(200, 0.0)	(205, 0.0)	(210, 0.0)	(215, 0.0)	(220, 0.0)	(225, 0.0)	(230, 0.0)	(235, 0.0)	(240, 0.0)	(245, 11460.0)	(250, 75717.0)	(255, 37797.0)						
SRR3667003_2	(45, 1.0)	(50, 0.0)	(55, 0.0)	(60, 0.0)	(65, 0.0)	(70, 0.0)	(75, 0.0)	(80, 0.0)	(85, 1.0)	(90, 0.0)	(95, 0.0)	(100, 0.0)	(105, 0.0)	(110, 0.0)	(115, 0.0)	(120, 0.0)	(125, 0.0)	(130, 0.0)	(135, 0.0)	(140, 0.0)	(145, 0.0)	(150, 0.0)	(155, 0.0)	(160, 0.0)	(165, 0.0)	(170, 0.0)	(175, 0.0)	(180, 0.0)	(185, 1.0)	(190, 0.0)	(195, 0.0)	(200, 0.0)	(205, 0.0)	(210, 0.0)	(215, 0.0)	(220, 0.0)	(225, 0.0)	(230, 0.0)	(235, 0.0)	(240, 0.0)	(245, 42.0)	(250, 75596.0)	(255, 49337.0)							
SRR3667004_1	(40, 1.0)	(45, 0.0)	(50, 0.0)	(55, 0.0)	(60, 0.0)	(65, 0.0)	(70, 0.0)	(75, 0.0)	(80, 1.0)	(85, 0.0)	(90, 1.0)	(95, 0.0)	(100, 0.0)	(105, 1.0)	(110, 0.0)	(115, 0.0)	(120, 1.0)	(125, 0.0)	(130, 0.0)	(135, 1.0)	(140, 0.0)	(145, 0.0)	(150, 0.0)	(155, 0.0)	(160, 1.0)	(165, 1.0)	(170, 0.0)	(175, 0.0)	(180, 0.0)	(185, 0.0)	(190, 0.0)	(195, 0.0)	(200, 1.0)	(205, 0.0)	(210, 0.0)	(215, 1.0)	(220, 0.0)	(225, 0.0)	(230, 0.0)	(235, 0.0)	(240, 0.0)	(245, 14561.0)	(250, 247740.0)							
SRR3667004_2	(80, 1.0)	(85, 0.0)	(90, 1.0)	(95, 0.0)	(100, 0.0)	(105, 1.0)	(110, 0.0)	(115, 0.0)	(120, 1.0)	(125, 0.0)	(130, 0.0)	(135, 1.0)	(140, 0.0)	(145, 0.0)	(150, 0.0)	(155, 0.0)	(160, 1.0)	(165, 0.0)	(170, 0.0)	(175, 0.0)	(180, 0.0)	(185, 0.0)	(190, 0.0)	(195, 1.0)	(200, 1.0)	(205, 0.0)	(210, 2.0)	(215, 0.0)	(220, 0.0)	(225, 0.0)	(230, 0.0)	(235, 0.0)	(240, 0.0)	(245, 1069.0)	(250, 261232.0)															
SRR3667005_1	(35, 34.0)	(40, 5.0)	(45, 4.0)	(50, 5.0)	(55, 7.0)	(60, 4.0)	(65, 8.0)	(70, 8.0)	(75, 12.0)	(80, 14.0)	(85, 15.0)	(90, 26.0)	(95, 31.0)	(100, 13.0)	(105, 25.0)	(110, 31.0)	(115, 26.0)	(120, 29.0)	(125, 32.0)	(130, 34.0)	(135, 39.0)	(140, 39.0)	(145, 46.0)	(150, 53.0)	(155, 54.0)	(160, 49.0)	(165, 41.0)	(170, 62.0)	(175, 54.0)	(180, 45.0)	(185, 52.0)	(190, 45.0)	(195, 63.0)	(200, 55.0)	(205, 51.0)	(210, 60.0)	(215, 59.0)	(220, 58.0)	(225, 63.0)	(230, 63.0)	(235, 59.0)	(240, 66.0)	(245, 70.0)	(250, 19787.0)	(255, 75176.0)					
SRR3667005_2	(35, 28.0)	(40, 5.0)	(45, 4.0)	(50, 4.0)	(55, 8.0)	(60, 4.0)	(65, 8.0)	(70, 8.0)	(75, 12.0)	(80, 13.0)	(85, 16.0)	(90, 24.0)	(95, 31.0)	(100, 13.0)	(105, 23.0)	(110, 29.0)	(115, 23.0)	(120, 29.0)	(125, 31.0)	(130, 28.0)	(135, 36.0)	(140, 38.0)	(145, 42.0)	(150, 52.0)	(155, 48.0)	(160, 47.0)	(165, 39.0)	(170, 57.0)	(175, 49.0)	(180, 40.0)	(185, 47.0)	(190, 43.0)	(195, 58.0)	(200, 52.0)	(205, 46.0)	(210, 54.0)	(215, 50.0)	(220, 51.0)	(225, 59.0)	(230, 56.0)	(235, 49.0)	(240, 59.0)	(245, 67.0)	(250, 219.0)	(255, 94873.0)					
SRR3667006_1	(55, 5.0)	(60, 0.0)	(65, 0.0)	(70, 0.0)	(75, 0.0)	(80, 3.0)	(85, 1.0)	(90, 0.0)	(95, 0.0)	(100, 0.0)	(105, 0.0)	(110, 0.0)	(115, 0.0)	(120, 0.0)	(125, 0.0)	(130, 0.0)	(135, 1.0)	(140, 0.0)	(145, 0.0)	(150, 0.0)	(155, 0.0)	(160, 0.0)	(165, 0.0)	(170, 0.0)	(175, 0.0)	(180, 0.0)	(185, 2.0)	(190, 12.0)	(195, 0.0)	(200, 0.0)	(205, 0.0)	(210, 0.0)	(215, 0.0)	(220, 0.0)	(225, 0.0)	(230, 0.0)	(235, 0.0)	(240, 0.0)	(245, 1912.0)	(250, 74284.0)	(255, 31116.0)									
SRR3667006_2	(55, 5.0)	(60, 0.0)	(65, 0.0)	(70, 0.0)	(75, 0.0)	(80, 3.0)	(85, 1.0)	(90, 0.0)	(95, 0.0)	(100, 0.0)	(105, 0.0)	(110, 0.0)	(115, 0.0)	(120, 0.0)	(125, 0.0)	(130, 0.0)	(135, 1.0)	(140, 0.0)	(145, 0.0)	(150, 0.0)	(155, 0.0)	(160, 0.0)	(165, 0.0)	(170, 0.0)	(175, 0.0)	(180, 0.0)	(185, 1.0)	(190, 12.0)	(195, 0.0)	(200, 0.0)	(205, 0.0)	(210, 0.0)	(215, 0.0)	(220, 0.0)	(225, 0.0)	(230, 0.0)	(235, 0.0)	(240, 0.0)	(245, 516.0)	(250, 61485.0)	(255, 45312.0)									
SRR3667007_1	(50, 5.0)	(55, 0.0)	(60, 0.0)	(65, 0.0)	(70, 0.0)	(75, 0.0)	(80, 1.0)	(85, 0.0)	(90, 1.0)	(95, 0.0)	(100, 0.0)	(105, 1.0)	(110, 0.0)	(115, 0.0)	(120, 1.0)	(125, 0.0)	(130, 0.0)	(135, 1.0)	(140, 1.0)	(145, 0.0)	(150, 1.0)	(155, 3.0)	(160, 0.0)	(165, 0.0)	(170, 1.0)	(175, 5.0)	(180, 2.0)	(185, 4.0)	(190, 75.0)	(195, 4.0)	(200, 1.0)	(205, 3.0)	(210, 4.0)	(215, 3.0)	(220, 3.0)	(225, 4.0)	(230, 3.0)	(235, 7.0)	(240, 7.0)	(245, 4.0)	(250, 52705.0)	(255, 145886.0)								
SRR3667007_2	(50, 5.0)	(55, 0.0)	(60, 1.0)	(65, 0.0)	(70, 0.0)	(75, 0.0)	(80, 1.0)	(85, 0.0)	(90, 1.0)	(95, 0.0)	(100, 0.0)	(105, 1.0)	(110, 0.0)	(115, 0.0)	(120, 0.0)	(125, 0.0)	(130, 0.0)	(135, 1.0)	(140, 1.0)	(145, 0.0)	(150, 2.0)	(155, 3.0)	(160, 1.0)	(165, 0.0)	(170, 1.0)	(175, 5.0)	(180, 2.0)	(185, 4.0)	(190, 77.0)	(195, 4.0)	(200, 1.0)	(205, 3.0)	(210, 4.0)	(215, 3.0)	(220, 3.0)	(225, 3.0)	(230, 3.0)	(235, 7.0)	(240, 5.0)	(245, 4.0)	(250, 133.0)	(255, 198457.0)								
SRR3667008_1	(130, 1.0)	(135, 0.0)	(140, 0.0)	(145, 0.0)	(150, 0.0)	(155, 0.0)	(160, 1.0)	(165, 0.0)	(170, 0.0)	(175, 0.0)	(180, 0.0)	(185, 1.0)	(190, 0.0)	(195, 0.0)	(200, 0.0)	(205, 0.0)	(210, 0.0)	(215, 1.0)	(220, 0.0)	(225, 0.0)	(230, 0.0)	(235, 0.0)	(240, 0.0)	(245, 0.0)	(250, 0.0)	(255, 0.0)	(260, 0.0)	(265, 0.0)	(270, 0.0)	(275, 0.0)	(280, 0.0)	(285, 0.0)	(290, 0.0)	(295, 716.0)	(300, 95123.0)															
SRR3667008_2	(65, 1.0)	(70, 0.0)	(75, 0.0)	(80, 0.0)	(85, 0.0)	(90, 0.0)	(95, 0.0)	(100, 0.0)	(105, 0.0)	(110, 0.0)	(115, 0.0)	(120, 0.0)	(125, 1.0)	(130, 1.0)	(135, 0.0)	(140, 0.0)	(145, 0.0)	(150, 0.0)	(155, 0.0)	(160, 1.0)	(165, 0.0)	(170, 0.0)	(175, 0.0)	(180, 0.0)	(185, 1.0)	(190, 0.0)	(195, 0.0)	(200, 0.0)	(205, 0.0)	(210, 0.0)	(215, 1.0)	(220, 0.0)	(225, 0.0)	(230, 0.0)	(235, 0.0)	(240, 0.0)	(245, 0.0)	(250, 0.0)	(255, 0.0)	(260, 0.0)	(265, 0.0)	(270, 0.0)	(275, 0.0)	(280, 0.0)	(285, 0.0)	(290, 1.0)	(295, 10925.0)	(300, 84911.0)		
SRR3667009_1	(40, 1.0)	(45, 7.0)	(50, 0.0)	(55, 44.0)	(60, 0.0)	(65, 5.0)	(70, 6.0)	(75, 3.0)	(80, 8.0)	(85, 14.0)	(90, 0.0)	(95, 4.0)	(100, 4.0)	(105, 4.0)	(110, 0.0)	(115, 10.0)	(120, 0.0)	(125, 0.0)	(130, 0.0)	(135, 0.0)	(140, 0.0)	(145, 0.0)	(150, 0.0)	(155, 12.0)	(160, 1.0)	(165, 1.0)	(170, 0.0)	(175, 2.0)	(180, 0.0)	(185, 0.0)	(190, 9.0)	(195, 1.0)	(200, 0.0)	(205, 0.0)	(210, 0.0)	(215, 0.0)	(220, 0.0)	(225, 0.0)	(230, 0.0)	(235, 0.0)	(240, 0.0)	(245, 0.0)	(250, 35825.0)	(255, 153584.0)						
SRR3667009_2	(40, 1.0)	(45, 7.0)	(50, 0.0)	(55, 42.0)	(60, 0.0)	(65, 5.0)	(70, 6.0)	(75, 4.0)	(80, 8.0)	(85, 14.0)	(90, 0.0)	(95, 4.0)	(100, 4.0)	(105, 4.0)	(110, 0.0)	(115, 10.0)	(120, 0.0)	(125, 0.0)	(130, 0.0)	(135, 0.0)	(140, 0.0)	(145, 0.0)	(150, 0.0)	(155, 12.0)	(160, 1.0)	(165, 1.0)	(170, 0.0)	(175, 2.0)	(180, 0.0)	(185, 0.0)	(190, 10.0)	(195, 1.0)	(200, 0.0)	(205, 0.0)	(210, 0.0)	(215, 0.0)	(220, 0.0)	(225, 0.0)	(230, 0.0)	(235, 0.0)	(240, 0.0)	(245, 1.0)	(250, 191.0)	(255, 189217.0)						
SRR3667010_1	(35, 5.0)	(40, 0.0)	(45, 24.0)	(50, 1.0)	(55, 78.0)	(60, 0.0)	(65, 0.0)	(70, 10.0)	(75, 0.0)	(80, 0.0)	(85, 7.0)	(90, 0.0)	(95, 0.0)	(100, 0.0)	(105, 0.0)	(110, 0.0)	(115, 0.0)	(120, 0.0)	(125, 0.0)	(130, 0.0)	(135, 0.0)	(140, 7.0)	(145, 0.0)	(150, 0.0)	(155, 2.0)	(160, 1.0)	(165, 0.0)	(170, 0.0)	(175, 0.0)	(180, 0.0)	(185, 0.0)	(190, 17.0)	(195, 0.0)	(200, 0.0)	(205, 1.0)	(210, 1.0)	(215, 0.0)	(220, 0.0)	(225, 0.0)	(230, 0.0)	(235, 0.0)	(240, 1.0)	(245, 1.0)	(250, 26064.0)	(255, 129315.0)					
SRR3667010_2	(35, 5.0)	(40, 0.0)	(45, 23.0)	(50, 1.0)	(55, 76.0)	(60, 0.0)	(65, 0.0)	(70, 11.0)	(75, 0.0)	(80, 0.0)	(85, 7.0)	(90, 0.0)	(95, 0.0)	(100, 0.0)	(105, 0.0)	(110, 0.0)	(115, 0.0)	(120, 0.0)	(125, 0.0)	(130, 0.0)	(135, 0.0)	(140, 7.0)	(145, 0.0)	(150, 0.0)	(155, 1.0)	(160, 0.0)	(165, 0.0)	(170, 0.0)	(175, 0.0)	(180, 0.0)	(185, 0.0)	(190, 18.0)	(195, 0.0)	(200, 0.0)	(205, 1.0)	(210, 1.0)	(215, 0.0)	(220, 0.0)	(225, 0.0)	(230, 0.0)	(235, 0.0)	(240, 1.0)	(245, 1.0)	(250, 75.0)	(255, 155307.0)					
SRR3667011_1	(50, 1.0)	(55, 0.0)	(60, 2.0)	(65, 0.0)	(70, 0.0)	(75, 1.0)	(80, 0.0)	(85, 0.0)	(90, 0.0)	(95, 1.0)	(100, 0.0)	(105, 0.0)	(110, 0.0)	(115, 1.0)	(120, 0.0)	(125, 0.0)	(130, 1.0)	(135, 0.0)	(140, 0.0)	(145, 0.0)	(150, 1.0)	(155, 0.0)	(160, 2.0)	(165, 0.0)	(170, 0.0)	(175, 0.0)	(180, 2.0)	(185, 1.0)	(190, 0.0)	(195, 0.0)	(200, 1.0)	(205, 3.0)	(210, 2.0)	(215, 0.0)	(220, 1.0)	(225, 0.0)	(230, 0.0)	(235, 0.0)	(240, 1.0)	(245, 13652.0)	(250, 159009.0)									
SRR3667011_2	(35, 3.0)	(40, 0.0)	(45, 1.0)	(50, 1.0)	(55, 0.0)	(60, 3.0)	(65, 1.0)	(70, 0.0)	(75, 1.0)	(80, 0.0)	(85, 0.0)	(90, 0.0)	(95, 1.0)	(100, 1.0)	(105, 0.0)	(110, 0.0)	(115, 0.0)	(120, 0.0)	(125, 0.0)	(130, 2.0)	(135, 1.0)	(140, 0.0)	(145, 0.0)	(150, 2.0)	(155, 3.0)	(160, 1.0)	(165, 1.0)	(170, 0.0)	(175, 0.0)	(180, 2.0)	(185, 0.0)	(190, 0.0)	(195, 0.0)	(200, 0.0)	(205, 0.0)	(210, 0.0)	(215, 0.0)	(220, 1.0)	(225, 0.0)	(230, 0.0)	(235, 1.0)	(240, 0.0)	(245, 550.0)	(250, 172106.0)						
SRR3667012_1	(50, 2.0)	(55, 67.0)	(60, 0.0)	(65, 1.0)	(70, 1.0)	(75, 6.0)	(80, 4.0)	(85, 54.0)	(90, 0.0)	(95, 6.0)	(100, 16.0)	(105, 0.0)	(110, 0.0)	(115, 20.0)	(120, 18.0)	(125, 0.0)	(130, 18.0)	(135, 0.0)	(140, 0.0)	(145, 0.0)	(150, 0.0)	(155, 0.0)	(160, 6.0)	(165, 0.0)	(170, 0.0)	(175, 0.0)	(180, 0.0)	(185, 1.0)	(190, 10.0)	(195, 0.0)	(200, 0.0)	(205, 0.0)	(210, 0.0)	(215, 0.0)	(220, 0.0)	(225, 0.0)	(230, 0.0)	(235, 0.0)	(240, 1.0)	(245, 0.0)	(250, 23024.0)	(255, 155006.0)								
SRR3667012_2	(50, 2.0)	(55, 68.0)	(60, 0.0)	(65, 1.0)	(70, 0.0)	(75, 6.0)	(80, 4.0)	(85, 54.0)	(90, 0.0)	(95, 6.0)	(100, 16.0)	(105, 0.0)	(110, 0.0)	(115, 19.0)	(120, 18.0)	(125, 0.0)	(130, 18.0)	(135, 0.0)	(140, 0.0)	(145, 0.0)	(150, 0.0)	(155, 0.0)	(160, 6.0)	(165, 0.0)	(170, 0.0)	(175, 0.0)	(180, 0.0)	(185, 1.0)	(190, 10.0)	(195, 0.0)	(200, 0.0)	(205, 0.0)	(210, 0.0)	(215, 0.0)	(220, 0.0)	(225, 0.0)	(230, 0.0)	(235, 0.0)	(240, 1.0)	(245, 0.0)	(250, 190.0)	(255, 177841.0)								
SRR3667013_1	(35, 60.0)	(40, 20.0)	(45, 6.0)	(50, 3.0)	(55, 1.0)	(60, 0.0)	(65, 1.0)	(70, 0.0)	(75, 0.0)	(80, 0.0)	(85, 0.0)	(90, 0.0)	(95, 0.0)	(100, 0.0)	(105, 0.0)	(110, 0.0)	(115, 0.0)	(120, 0.0)	(125, 0.0)	(130, 0.0)	(135, 0.0)	(140, 0.0)	(145, 0.0)	(150, 0.0)	(155, 0.0)	(160, 0.0)	(165, 0.0)	(170, 0.0)	(175, 0.0)	(180, 1.0)	(185, 0.0)	(190, 0.0)	(195, 0.0)	(200, 0.0)	(205, 0.0)	(210, 0.0)	(215, 0.0)	(220, 0.0)	(225, 0.0)	(230, 0.0)	(235, 1.0)	(240, 0.0)	(245, 2.0)	(250, 34495.0)	(255, 197119.0)					
SRR3667013_2	(35, 59.0)	(40, 20.0)	(45, 6.0)	(50, 3.0)	(55, 1.0)	(60, 0.0)	(65, 1.0)	(70, 0.0)	(75, 0.0)	(80, 0.0)	(85, 0.0)	(90, 0.0)	(95, 0.0)	(100, 0.0)	(105, 0.0)	(110, 0.0)	(115, 0.0)	(120, 0.0)	(125, 0.0)	(130, 0.0)	(135, 0.0)	(140, 0.0)	(145, 0.0)	(150, 0.0)	(155, 1.0)	(160, 0.0)	(165, 0.0)	(170, 0.0)	(175, 0.0)	(180, 1.0)	(185, 0.0)	(190, 0.0)	(195, 0.0)	(200, 0.0)	(205, 0.0)	(210, 0.0)	(215, 0.0)	(220, 0.0)	(225, 0.0)	(230, 0.0)	(235, 1.0)	(240, 0.0)	(245, 2.0)	(250, 175.0)	(255, 231439.0)					
SRR3667014_1	(45, 1.0)	(50, 1.0)	(55, 0.0)	(60, 2.0)	(65, 2.0)	(70, 2.0)	(75, 0.0)	(80, 0.0)	(85, 0.0)	(90, 1.0)	(95, 1.0)	(100, 1.0)	(105, 0.0)	(110, 1.0)	(115, 2.0)	(120, 0.0)	(125, 1.0)	(130, 1.0)	(135, 0.0)	(140, 0.0)	(145, 1.0)	(150, 0.0)	(155, 0.0)	(160, 1.0)	(165, 0.0)	(170, 0.0)	(175, 0.0)	(180, 1.0)	(185, 0.0)	(190, 0.0)	(195, 0.0)	(200, 0.0)	(205, 0.0)	(210, 1.0)	(215, 1.0)	(220, 0.0)	(225, 1.0)	(230, 0.0)	(235, 0.0)	(240, 0.0)	(245, 12468.0)	(250, 196061.0)								
SRR3667014_2	(45, 1.0)	(50, 1.0)	(55, 0.0)	(60, 2.0)	(65, 1.0)	(70, 3.0)	(75, 0.0)	(80, 0.0)	(85, 0.0)	(90, 0.0)	(95, 1.0)	(100, 1.0)	(105, 0.0)	(110, 1.0)	(115, 3.0)	(120, 0.0)	(125, 1.0)	(130, 2.0)	(135, 0.0)	(140, 0.0)	(145, 1.0)	(150, 0.0)	(155, 0.0)	(160, 1.0)	(165, 0.0)	(170, 0.0)	(175, 0.0)	(180, 1.0)	(185, 0.0)	(190, 1.0)	(195, 0.0)	(200, 0.0)	(205, 0.0)	(210, 0.0)	(215, 1.0)	(220, 0.0)	(225, 0.0)	(230, 0.0)	(235, 1.0)	(240, 1.0)	(245, 949.0)	(250, 207578.0)								
SRR3667015_1	(35, 248.0)	(40, 37.0)	(45, 2.0)	(50, 3.0)	(55, 47.0)	(60, 2.0)	(65, 2.0)	(70, 7.0)	(75, 17.0)	(80, 0.0)	(85, 15.0)	(90, 4.0)	(95, 94.0)	(100, 2.0)	(105, 0.0)	(110, 0.0)	(115, 3.0)	(120, 1.0)	(125, 0.0)	(130, 2.0)	(135, 0.0)	(140, 4.0)	(145, 0.0)	(150, 7.0)	(155, 2.0)	(160, 3.0)	(165, 3.0)	(170, 4.0)	(175, 1.0)	(180, 4.0)	(185, 7.0)	(190, 2.0)	(195, 2.0)	(200, 1.0)	(205, 2.0)	(210, 7.0)	(215, 5.0)	(220, 5.0)	(225, 6.0)	(230, 1.0)	(235, 2.0)	(240, 8.0)	(245, 3.0)	(250, 58226.0)	(255, 94590.0)					
SRR3667015_2	(35, 244.0)	(40, 37.0)	(45, 1.0)	(50, 4.0)	(55, 48.0)	(60, 2.0)	(65, 2.0)	(70, 7.0)	(75, 17.0)	(80, 0.0)	(85, 14.0)	(90, 5.0)	(95, 95.0)	(100, 1.0)	(105, 0.0)	(110, 0.0)	(115, 3.0)	(120, 1.0)	(125, 0.0)	(130, 2.0)	(135, 0.0)	(140, 4.0)	(145, 0.0)	(150, 7.0)	(155, 2.0)	(160, 3.0)	(165, 3.0)	(170, 5.0)	(175, 1.0)	(180, 3.0)	(185, 7.0)	(190, 2.0)	(195, 2.0)	(200, 1.0)	(205, 2.0)	(210, 8.0)	(215, 4.0)	(220, 5.0)	(225, 5.0)	(230, 0.0)	(235, 2.0)	(240, 9.0)	(245, 3.0)	(250, 153.0)	(255, 152667.0)					
SRR3667016_1	(70, 1.0)	(75, 0.0)	(80, 0.0)	(85, 0.0)	(90, 0.0)	(95, 0.0)	(100, 0.0)	(105, 0.0)	(110, 0.0)	(115, 1.0)	(120, 0.0)	(125, 0.0)	(130, 1.0)	(135, 0.0)	(140, 0.0)	(145, 1.0)	(150, 0.0)	(155, 0.0)	(160, 0.0)	(165, 0.0)	(170, 1.0)	(175, 0.0)	(180, 1.0)	(185, 1.0)	(190, 0.0)	(195, 0.0)	(200, 1.0)	(205, 0.0)	(210, 0.0)	(215, 0.0)	(220, 1.0)	(225, 1.0)	(230, 0.0)	(235, 2.0)	(240, 0.0)	(245, 9079.0)	(250, 220814.0)													
SRR3667016_2	(70, 1.0)	(75, 0.0)	(80, 0.0)	(85, 0.0)	(90, 0.0)	(95, 0.0)	(100, 0.0)	(105, 0.0)	(110, 0.0)	(115, 1.0)	(120, 0.0)	(125, 0.0)	(130, 1.0)	(135, 0.0)	(140, 0.0)	(145, 0.0)	(150, 0.0)	(155, 0.0)	(160, 1.0)	(165, 0.0)	(170, 0.0)	(175, 0.0)	(180, 0.0)	(185, 1.0)	(190, 0.0)	(195, 0.0)	(200, 1.0)	(205, 0.0)	(210, 0.0)	(215, 0.0)	(220, 1.0)	(225, 0.0)	(230, 0.0)	(235, 1.0)	(240, 2.0)	(245, 316.0)	(250, 229579.0)													
SRR3667017_1	(40, 1.0)	(45, 0.0)	(50, 0.0)	(55, 0.0)	(60, 0.0)	(65, 0.0)	(70, 0.0)	(75, 0.0)	(80, 1.0)	(85, 0.0)	(90, 0.0)	(95, 0.0)	(100, 1.0)	(105, 1.0)	(110, 0.0)	(115, 0.0)	(120, 0.0)	(125, 1.0)	(130, 1.0)	(135, 0.0)	(140, 0.0)	(145, 0.0)	(150, 1.0)	(155, 1.0)	(160, 0.0)	(165, 0.0)	(170, 0.0)	(175, 0.0)	(180, 0.0)	(185, 0.0)	(190, 2.0)	(195, 1.0)	(200, 0.0)	(205, 0.0)	(210, 0.0)	(215, 0.0)	(220, 0.0)	(225, 1.0)	(230, 3.0)	(235, 0.0)	(240, 1.0)	(245, 4585.0)	(250, 104765.0)	(255, 22814.0)						
SRR3667017_2	(80, 1.0)	(85, 0.0)	(90, 0.0)	(95, 0.0)	(100, 1.0)	(105, 1.0)	(110, 0.0)	(115, 0.0)	(120, 0.0)	(125, 1.0)	(130, 1.0)	(135, 0.0)	(140, 0.0)	(145, 0.0)	(150, 1.0)	(155, 1.0)	(160, 0.0)	(165, 0.0)	(170, 0.0)	(175, 0.0)	(180, 0.0)	(185, 0.0)	(190, 2.0)	(195, 0.0)	(200, 0.0)	(205, 0.0)	(210, 0.0)	(215, 0.0)	(220, 0.0)	(225, 1.0)	(230, 3.0)	(235, 0.0)	(240, 1.0)	(245, 114.0)	(250, 92161.0)	(255, 39891.0)														
SRR3667018_1	(45, 2.0)	(50, 5.0)	(55, 118.0)	(60, 1.0)	(65, 0.0)	(70, 9.0)	(75, 1.0)	(80, 4.0)	(85, 27.0)	(90, 3.0)	(95, 3.0)	(100, 5.0)	(105, 3.0)	(110, 0.0)	(115, 15.0)	(120, 2.0)	(125, 0.0)	(130, 0.0)	(135, 6.0)	(140, 0.0)	(145, 0.0)	(150, 0.0)	(155, 13.0)	(160, 0.0)	(165, 0.0)	(170, 1.0)	(175, 0.0)	(180, 0.0)	(185, 2.0)	(190, 5.0)	(195, 0.0)	(200, 0.0)	(205, 1.0)	(210, 3.0)	(215, 0.0)	(220, 0.0)	(225, 0.0)	(230, 0.0)	(235, 1.0)	(240, 0.0)	(245, 0.0)	(250, 45868.0)	(255, 53694.0)							
SRR3667018_2	(45, 2.0)	(50, 5.0)	(55, 120.0)	(60, 1.0)	(65, 0.0)	(70, 10.0)	(75, 1.0)	(80, 3.0)	(85, 25.0)	(90, 3.0)	(95, 3.0)	(100, 5.0)	(105, 3.0)	(110, 0.0)	(115, 14.0)	(120, 2.0)	(125, 0.0)	(130, 0.0)	(135, 6.0)	(140, 0.0)	(145, 0.0)	(150, 0.0)	(155, 14.0)	(160, 0.0)	(165, 0.0)	(170, 1.0)	(175, 0.0)	(180, 0.0)	(185, 2.0)	(190, 5.0)	(195, 0.0)	(200, 0.0)	(205, 1.0)	(210, 3.0)	(215, 0.0)	(220, 1.0)	(225, 0.0)	(230, 0.0)	(235, 1.0)	(240, 0.0)	(245, 0.0)	(250, 78.0)	(255, 99483.0)							
SRR3667019_1	(55, 2.0)	(60, 0.0)	(65, 0.0)	(70, 1.0)	(75, 0.0)	(80, 0.0)	(85, 0.0)	(90, 0.0)	(95, 1.0)	(100, 0.0)	(105, 0.0)	(110, 0.0)	(115, 1.0)	(120, 0.0)	(125, 1.0)	(130, 1.0)	(135, 2.0)	(140, 1.0)	(145, 0.0)	(150, 0.0)	(155, 0.0)	(160, 0.0)	(165, 1.0)	(170, 0.0)	(175, 0.0)	(180, 0.0)	(185, 0.0)	(190, 0.0)	(195, 0.0)	(200, 0.0)	(205, 0.0)	(210, 0.0)	(215, 0.0)	(220, 0.0)	(225, 0.0)	(230, 0.0)	(235, 0.0)	(240, 0.0)	(245, 0.0)	(250, 0.0)	(255, 0.0)	(260, 0.0)	(265, 0.0)	(270, 0.0)	(275, 0.0)	(280, 0.0)	(285, 1.0)	(290, 0.0)	(295, 3451.0)	(300, 261298.0)
SRR3667019_2	(55, 1.0)	(60, 1.0)	(65, 0.0)	(70, 1.0)	(75, 0.0)	(80, 0.0)	(85, 0.0)	(90, 0.0)	(95, 1.0)	(100, 0.0)	(105, 1.0)	(110, 0.0)	(115, 1.0)	(120, 0.0)	(125, 1.0)	(130, 1.0)	(135, 2.0)	(140, 1.0)	(145, 0.0)	(150, 0.0)	(155, 0.0)	(160, 0.0)	(165, 1.0)	(170, 0.0)	(175, 0.0)	(180, 0.0)	(185, 0.0)	(190, 0.0)	(195, 0.0)	(200, 0.0)	(205, 0.0)	(210, 0.0)	(215, 0.0)	(220, 0.0)	(225, 0.0)	(230, 0.0)	(235, 0.0)	(240, 0.0)	(245, 0.0)	(250, 0.0)	(255, 0.0)	(260, 0.0)	(265, 0.0)	(270, 0.0)	(275, 0.0)	(280, 0.0)	(285, 0.0)	(290, 2.0)	(295, 67607.0)	(300, 197140.0)
SRR3667020_1	(55, 1.0)	(60, 0.0)	(65, 0.0)	(70, 0.0)	(75, 0.0)	(80, 0.0)	(85, 0.0)	(90, 0.0)	(95, 0.0)	(100, 0.0)	(105, 1.0)	(110, 0.0)	(115, 0.0)	(120, 0.0)	(125, 0.0)	(130, 0.0)	(135, 0.0)	(140, 0.0)	(145, 0.0)	(150, 0.0)	(155, 1.0)	(160, 0.0)	(165, 0.0)	(170, 0.0)	(175, 1.0)	(180, 0.0)	(185, 0.0)	(190, 0.0)	(195, 0.0)	(200, 0.0)	(205, 0.0)	(210, 0.0)	(215, 0.0)	(220, 0.0)	(225, 1.0)	(230, 0.0)	(235, 1.0)	(240, 0.0)	(245, 4795.0)	(250, 70290.0)	(255, 35073.0)									
SRR3667020_2	(55, 1.0)	(60, 0.0)	(65, 0.0)	(70, 0.0)	(75, 0.0)	(80, 0.0)	(85, 0.0)	(90, 0.0)	(95, 0.0)	(100, 0.0)	(105, 1.0)	(110, 0.0)	(115, 0.0)	(120, 0.0)	(125, 0.0)	(130, 0.0)	(135, 0.0)	(140, 0.0)	(145, 0.0)	(150, 0.0)	(155, 1.0)	(160, 0.0)	(165, 0.0)	(170, 0.0)	(175, 1.0)	(180, 0.0)	(185, 0.0)	(190, 1.0)	(195, 0.0)	(200, 0.0)	(205, 0.0)	(210, 0.0)	(215, 0.0)	(220, 0.0)	(225, 1.0)	(230, 0.0)	(235, 1.0)	(240, 0.0)	(245, 108.0)	(250, 59079.0)	(255, 50970.0)									
SRR3667021_1	(45, 1.0)	(50, 0.0)	(55, 0.0)	(60, 1.0)	(65, 0.0)	(70, 0.0)	(75, 0.0)	(80, 0.0)	(85, 0.0)	(90, 1.0)	(95, 0.0)	(100, 1.0)	(105, 0.0)	(110, 0.0)	(115, 0.0)	(120, 0.0)	(125, 0.0)	(130, 1.0)	(135, 0.0)	(140, 0.0)	(145, 0.0)	(150, 0.0)	(155, 0.0)	(160, 0.0)	(165, 1.0)	(170, 1.0)	(175, 1.0)	(180, 1.0)	(185, 0.0)	(190, 0.0)	(195, 0.0)	(200, 0.0)	(205, 0.0)	(210, 1.0)	(215, 1.0)	(220, 1.0)	(225, 0.0)	(230, 1.0)	(235, 1.0)	(240, 0.0)	(245, 6555.0)	(250, 162045.0)								
SRR3667021_2	(60, 1.0)	(65, 0.0)	(70, 0.0)	(75, 0.0)	(80, 0.0)	(85, 0.0)	(90, 1.0)	(95, 0.0)	(100, 0.0)	(105, 0.0)	(110, 0.0)	(115, 0.0)	(120, 0.0)	(125, 0.0)	(130, 1.0)	(135, 0.0)	(140, 0.0)	(145, 0.0)	(150, 0.0)	(155, 0.0)	(160, 0.0)	(165, 2.0)	(170, 1.0)	(175, 1.0)	(180, 1.0)	(185, 0.0)	(190, 0.0)	(195, 0.0)	(200, 0.0)	(205, 0.0)	(210, 1.0)	(215, 1.0)	(220, 1.0)	(225, 0.0)	(230, 1.0)	(235, 0.0)	(240, 0.0)	(245, 711.0)	(250, 167891.0)											
SRR3667022_1	(85, 1.0)	(90, 0.0)	(95, 0.0)	(100, 0.0)	(105, 0.0)	(110, 1.0)	(115, 1.0)	(120, 0.0)	(125, 1.0)	(130, 1.0)	(135, 0.0)	(140, 0.0)	(145, 1.0)	(150, 0.0)	(155, 2.0)	(160, 1.0)	(165, 1.0)	(170, 0.0)	(175, 2.0)	(180, 0.0)	(185, 1.0)	(190, 1.0)	(195, 0.0)	(200, 2.0)	(205, 0.0)	(210, 0.0)	(215, 1.0)	(220, 2.0)	(225, 0.0)	(230, 3.0)	(235, 1.0)	(240, 1.0)	(245, 10923.0)	(250, 222868.0)																
SRR3667022_2	(85, 1.0)	(90, 0.0)	(95, 0.0)	(100, 0.0)	(105, 0.0)	(110, 2.0)	(115, 1.0)	(120, 0.0)	(125, 1.0)	(130, 2.0)	(135, 0.0)	(140, 0.0)	(145, 1.0)	(150, 0.0)	(155, 2.0)	(160, 1.0)	(165, 0.0)	(170, 0.0)	(175, 0.0)	(180, 0.0)	(185, 1.0)	(190, 0.0)	(195, 0.0)	(200, 0.0)	(205, 0.0)	(210, 0.0)	(215, 1.0)	(220, 0.0)	(225, 0.0)	(230, 1.0)	(235, 1.0)	(240, 0.0)	(245, 1003.0)	(250, 232797.0)																
SRR3667023_1	(35, 1.0)	(40, 1.0)	(45, 0.0)	(50, 0.0)	(55, 0.0)	(60, 0.0)	(65, 0.0)	(70, 0.0)	(75, 1.0)	(80, 0.0)	(85, 1.0)	(90, 0.0)	(95, 0.0)	(100, 0.0)	(105, 0.0)	(110, 0.0)	(115, 0.0)	(120, 0.0)	(125, 0.0)	(130, 1.0)	(135, 1.0)	(140, 2.0)	(145, 1.0)	(150, 0.0)	(155, 2.0)	(160, 2.0)	(165, 1.0)	(170, 4.0)	(175, 5.0)	(180, 1.0)	(185, 6.0)	(190, 1.0)	(195, 1.0)	(200, 5.0)	(205, 3.0)	(210, 0.0)	(215, 2.0)	(220, 2.0)	(225, 2.0)	(230, 0.0)	(235, 2.0)	(240, 8.0)	(245, 15382.0)	(250, 217675.0)						
SRR3667023_2	(40, 2.0)	(45, 0.0)	(50, 0.0)	(55, 0.0)	(60, 0.0)	(65, 0.0)	(70, 0.0)	(75, 1.0)	(80, 0.0)	(85, 1.0)	(90, 0.0)	(95, 1.0)	(100, 0.0)	(105, 1.0)	(110, 0.0)	(115, 0.0)	(120, 1.0)	(125, 1.0)	(130, 1.0)	(135, 1.0)	(140, 1.0)	(145, 1.0)	(150, 2.0)	(155, 1.0)	(160, 0.0)	(165, 1.0)	(170, 1.0)	(175, 0.0)	(180, 1.0)	(185, 2.0)	(190, 0.0)	(195, 0.0)	(200, 2.0)	(205, 1.0)	(210, 0.0)	(215, 1.0)	(220, 0.0)	(225, 0.0)	(230, 0.0)	(235, 1.0)	(240, 2.0)	(245, 1213.0)	(250, 231873.0)							
SRR3667024_1	(55, 6.0)	(60, 0.0)	(65, 0.0)	(70, 0.0)	(75, 3.0)	(80, 1.0)	(85, 1.0)	(90, 0.0)	(95, 0.0)	(100, 0.0)	(105, 0.0)	(110, 0.0)	(115, 1.0)	(120, 0.0)	(125, 1.0)	(130, 1.0)	(135, 0.0)	(140, 1.0)	(145, 0.0)	(150, 0.0)	(155, 0.0)	(160, 1.0)	(165, 0.0)	(170, 0.0)	(175, 0.0)	(180, 0.0)	(185, 0.0)	(190, 1.0)	(195, 0.0)	(200, 0.0)	(205, 0.0)	(210, 0.0)	(215, 0.0)	(220, 1.0)	(225, 1.0)	(230, 0.0)	(235, 0.0)	(240, 0.0)	(245, 14255.0)	(250, 93904.0)	(255, 48181.0)									
SRR3667024_2	(55, 6.0)	(60, 0.0)	(65, 0.0)	(70, 1.0)	(75, 2.0)	(80, 1.0)	(85, 1.0)	(90, 0.0)	(95, 0.0)	(100, 0.0)	(105, 0.0)	(110, 0.0)	(115, 1.0)	(120, 0.0)	(125, 1.0)	(130, 1.0)	(135, 0.0)	(140, 1.0)	(145, 1.0)	(150, 0.0)	(155, 0.0)	(160, 1.0)	(165, 0.0)	(170, 0.0)	(175, 0.0)	(180, 0.0)	(185, 0.0)	(190, 1.0)	(195, 0.0)	(200, 0.0)	(205, 0.0)	(210, 0.0)	(215, 0.0)	(220, 1.0)	(225, 1.0)	(230, 0.0)	(235, 0.0)	(240, 0.0)	(245, 176.0)	(250, 94021.0)	(255, 62142.0)									
SRR3667025_1	(35, 8.0)	(40, 23.0)	(45, 0.0)	(50, 1.0)	(55, 11.0)	(60, 0.0)	(65, 0.0)	(70, 0.0)	(75, 1.0)	(80, 0.0)	(85, 1.0)	(90, 0.0)	(95, 0.0)	(100, 0.0)	(105, 4.0)	(110, 0.0)	(115, 0.0)	(120, 0.0)	(125, 0.0)	(130, 0.0)	(135, 0.0)	(140, 2.0)	(145, 2.0)	(150, 0.0)	(155, 0.0)	(160, 1.0)	(165, 0.0)	(170, 6.0)	(175, 0.0)	(180, 1.0)	(185, 1.0)	(190, 1.0)	(195, 0.0)	(200, 1.0)	(205, 1.0)	(210, 1.0)	(215, 1.0)	(220, 0.0)	(225, 2.0)	(230, 5.0)	(235, 1.0)	(240, 1.0)	(245, 2.0)	(250, 75267.0)	(255, 137855.0)					
SRR3667025_2	(35, 7.0)	(40, 21.0)	(45, 0.0)	(50, 1.0)	(55, 12.0)	(60, 0.0)	(65, 0.0)	(70, 0.0)	(75, 1.0)	(80, 0.0)	(85, 1.0)	(90, 0.0)	(95, 0.0)	(100, 0.0)	(105, 4.0)	(110, 0.0)	(115, 0.0)	(120, 0.0)	(125, 0.0)	(130, 0.0)	(135, 0.0)	(140, 2.0)	(145, 2.0)	(150, 0.0)	(155, 0.0)	(160, 1.0)	(165, 0.0)	(170, 5.0)	(175, 0.0)	(180, 1.0)	(185, 1.0)	(190, 1.0)	(195, 0.0)	(200, 1.0)	(205, 1.0)	(210, 1.0)	(215, 0.0)	(220, 1.0)	(225, 2.0)	(230, 4.0)	(235, 0.0)	(240, 1.0)	(245, 2.0)	(250, 96.0)	(255, 213031.0)					
SRR3667026_1	(35, 33.0)	(40, 61.0)	(45, 2.0)	(50, 11.0)	(55, 17.0)	(60, 3.0)	(65, 1.0)	(70, 1.0)	(75, 2.0)	(80, 9.0)	(85, 9.0)	(90, 4.0)	(95, 46.0)	(100, 3.0)	(105, 4.0)	(110, 5.0)	(115, 0.0)	(120, 1.0)	(125, 3.0)	(130, 2.0)	(135, 3.0)	(140, 3.0)	(145, 5.0)	(150, 9.0)	(155, 1.0)	(160, 1.0)	(165, 2.0)	(170, 14.0)	(175, 5.0)	(180, 1.0)	(185, 7.0)	(190, 21.0)	(195, 2.0)	(200, 2.0)	(205, 3.0)	(210, 3.0)	(215, 1.0)	(220, 5.0)	(225, 2.0)	(230, 3.0)	(235, 3.0)	(240, 16.0)	(245, 20118.0)	(250, 77245.0)	(255, 60394.0)					
SRR3667026_2	(35, 11.0)	(40, 59.0)	(45, 2.0)	(50, 5.0)	(55, 16.0)	(60, 2.0)	(65, 1.0)	(70, 1.0)	(75, 2.0)	(80, 9.0)	(85, 9.0)	(90, 4.0)	(95, 48.0)	(100, 3.0)	(105, 4.0)	(110, 4.0)	(115, 0.0)	(120, 1.0)	(125, 3.0)	(130, 2.0)	(135, 3.0)	(140, 3.0)	(145, 5.0)	(150, 9.0)	(155, 1.0)	(160, 2.0)	(165, 2.0)	(170, 14.0)	(175, 5.0)	(180, 1.0)	(185, 7.0)	(190, 20.0)	(195, 1.0)	(200, 1.0)	(205, 2.0)	(210, 2.0)	(215, 1.0)	(220, 6.0)	(225, 2.0)	(230, 3.0)	(235, 3.0)	(240, 15.0)	(245, 150.0)	(250, 85474.0)	(255, 72168.0)					
SRR3667027_1	(45, 2.0)	(50, 1.0)	(55, 2.0)	(60, 0.0)	(65, 1.0)	(70, 0.0)	(75, 1.0)	(80, 1.0)	(85, 0.0)	(90, 1.0)	(95, 1.0)	(100, 0.0)	(105, 3.0)	(110, 1.0)	(115, 0.0)	(120, 0.0)	(125, 0.0)	(130, 0.0)	(135, 0.0)	(140, 0.0)	(145, 0.0)	(150, 0.0)	(155, 1.0)	(160, 0.0)	(165, 0.0)	(170, 0.0)	(175, 1.0)	(180, 0.0)	(185, 0.0)	(190, 17.0)	(195, 0.0)	(200, 0.0)	(205, 0.0)	(210, 0.0)	(215, 1.0)	(220, 0.0)	(225, 0.0)	(230, 2.0)	(235, 2.0)	(240, 0.0)	(245, 2979.0)	(250, 76096.0)	(255, 27791.0)							
SRR3667027_2	(45, 2.0)	(50, 1.0)	(55, 2.0)	(60, 0.0)	(65, 1.0)	(70, 0.0)	(75, 1.0)	(80, 1.0)	(85, 0.0)	(90, 1.0)	(95, 1.0)	(100, 0.0)	(105, 3.0)	(110, 1.0)	(115, 0.0)	(120, 0.0)	(125, 0.0)	(130, 0.0)	(135, 0.0)	(140, 0.0)	(145, 0.0)	(150, 0.0)	(155, 1.0)	(160, 0.0)	(165, 0.0)	(170, 0.0)	(175, 0.0)	(180, 0.0)	(185, 0.0)	(190, 17.0)	(195, 0.0)	(200, 0.0)	(205, 0.0)	(210, 1.0)	(215, 1.0)	(220, 0.0)	(225, 0.0)	(230, 2.0)	(235, 2.0)	(240, 0.0)	(245, 200.0)	(250, 71982.0)	(255, 34684.0)							
SRR3667028_1	(40, 4.0)	(45, 0.0)	(50, 0.0)	(55, 5.0)	(60, 0.0)	(65, 0.0)	(70, 0.0)	(75, 0.0)	(80, 1.0)	(85, 2.0)	(90, 0.0)	(95, 0.0)	(100, 0.0)	(105, 0.0)	(110, 2.0)	(115, 0.0)	(120, 1.0)	(125, 0.0)	(130, 0.0)	(135, 0.0)	(140, 0.0)	(145, 0.0)	(150, 0.0)	(155, 0.0)	(160, 0.0)	(165, 0.0)	(170, 0.0)	(175, 0.0)	(180, 0.0)	(185, 0.0)	(190, 4.0)	(195, 1.0)	(200, 0.0)	(205, 0.0)	(210, 0.0)	(215, 0.0)	(220, 0.0)	(225, 0.0)	(230, 0.0)	(235, 0.0)	(240, 1.0)	(245, 0.0)	(250, 28154.0)	(255, 65880.0)						
SRR3667028_2	(40, 4.0)	(45, 0.0)	(50, 0.0)	(55, 4.0)	(60, 0.0)	(65, 0.0)	(70, 0.0)	(75, 0.0)	(80, 1.0)	(85, 2.0)	(90, 0.0)	(95, 0.0)	(100, 0.0)	(105, 0.0)	(110, 2.0)	(115, 0.0)	(120, 1.0)	(125, 0.0)	(130, 0.0)	(135, 0.0)	(140, 0.0)	(145, 0.0)	(150, 0.0)	(155, 0.0)	(160, 0.0)	(165, 0.0)	(170, 0.0)	(175, 0.0)	(180, 0.0)	(185, 0.0)	(190, 4.0)	(195, 1.0)	(200, 0.0)	(205, 0.0)	(210, 0.0)	(215, 0.0)	(220, 0.0)	(225, 1.0)	(230, 0.0)	(235, 0.0)	(240, 1.0)	(245, 0.0)	(250, 79.0)	(255, 93955.0)						
SRR3667029_1	(50, 2.0)	(55, 1.0)	(60, 0.0)	(65, 0.0)	(70, 0.0)	(75, 0.0)	(80, 0.0)	(85, 0.0)	(90, 0.0)	(95, 0.0)	(100, 0.0)	(105, 0.0)	(110, 0.0)	(115, 0.0)	(120, 0.0)	(125, 0.0)	(130, 0.0)	(135, 0.0)	(140, 0.0)	(145, 0.0)	(150, 0.0)	(155, 1.0)	(160, 0.0)	(165, 0.0)	(170, 1.0)	(175, 0.0)	(180, 0.0)	(185, 1.0)	(190, 0.0)	(195, 0.0)	(200, 1.0)	(205, 1.0)	(210, 0.0)	(215, 0.0)	(220, 0.0)	(225, 0.0)	(230, 0.0)	(235, 2.0)	(240, 0.0)	(245, 6384.0)	(250, 107260.0)	(255, 29132.0)								
SRR3667029_2	(50, 2.0)	(55, 1.0)	(60, 0.0)	(65, 0.0)	(70, 0.0)	(75, 0.0)	(80, 0.0)	(85, 0.0)	(90, 0.0)	(95, 0.0)	(100, 0.0)	(105, 0.0)	(110, 0.0)	(115, 0.0)	(120, 0.0)	(125, 1.0)	(130, 0.0)	(135, 0.0)	(140, 0.0)	(145, 0.0)	(150, 0.0)	(155, 1.0)	(160, 0.0)	(165, 0.0)	(170, 1.0)	(175, 0.0)	(180, 0.0)	(185, 1.0)	(190, 0.0)	(195, 0.0)	(200, 1.0)	(205, 1.0)	(210, 0.0)	(215, 0.0)	(220, 0.0)	(225, 0.0)	(230, 0.0)	(235, 2.0)	(240, 0.0)	(245, 564.0)	(250, 82297.0)	(255, 59914.0)								
SRR3667030_1	(30, 1.0)	(40, 0.0)	(50, 0.0)	(60, 0.0)	(70, 0.0)	(80, 0.0)	(90, 2.0)	(100, 1.0)	(110, 0.0)	(120, 0.0)	(130, 0.0)	(140, 0.0)	(150, 0.0)	(160, 0.0)	(170, 0.0)	(180, 0.0)	(190, 0.0)	(200, 0.0)	(210, 0.0)	(220, 1.0)	(230, 0.0)	(240, 0.0)	(250, 0.0)	(260, 0.0)	(270, 0.0)	(280, 16.0)	(290, 2466.0)	(300, 145203.0)																						
SRR3667030_2	(30, 1.0)	(40, 0.0)	(50, 0.0)	(60, 0.0)	(70, 0.0)	(80, 0.0)	(90, 2.0)	(100, 1.0)	(110, 0.0)	(120, 0.0)	(130, 0.0)	(140, 0.0)	(150, 0.0)	(160, 0.0)	(170, 0.0)	(180, 0.0)	(190, 0.0)	(200, 0.0)	(210, 0.0)	(220, 1.0)	(230, 0.0)	(240, 0.0)	(250, 0.0)	(260, 0.0)	(270, 0.0)	(280, 0.0)	(290, 15151.0)	(300, 132534.0)																						
SRR3667031_1	(35, 2.0)	(40, 1.0)	(45, 2.0)	(50, 4.0)	(55, 2.0)	(60, 0.0)	(65, 0.0)	(70, 0.0)	(75, 0.0)	(80, 0.0)	(85, 0.0)	(90, 0.0)	(95, 0.0)	(100, 0.0)	(105, 5.0)	(110, 1.0)	(115, 4.0)	(120, 0.0)	(125, 0.0)	(130, 0.0)	(135, 0.0)	(140, 0.0)	(145, 0.0)	(150, 0.0)	(155, 0.0)	(160, 0.0)	(165, 0.0)	(170, 0.0)	(175, 0.0)	(180, 0.0)	(185, 0.0)	(190, 0.0)	(195, 1.0)	(200, 0.0)	(205, 1.0)	(210, 0.0)	(215, 1.0)	(220, 0.0)	(225, 1.0)	(230, 0.0)	(235, 0.0)	(240, 0.0)	(245, 0.0)	(250, 50231.0)	(255, 85238.0)					
SRR3667031_2	(35, 2.0)	(40, 1.0)	(45, 2.0)	(50, 4.0)	(55, 2.0)	(60, 0.0)	(65, 0.0)	(70, 0.0)	(75, 0.0)	(80, 0.0)	(85, 0.0)	(90, 0.0)	(95, 0.0)	(100, 0.0)	(105, 5.0)	(110, 1.0)	(115, 4.0)	(120, 0.0)	(125, 0.0)	(130, 0.0)	(135, 0.0)	(140, 0.0)	(145, 0.0)	(150, 0.0)	(155, 0.0)	(160, 0.0)	(165, 0.0)	(170, 0.0)	(175, 0.0)	(180, 0.0)	(185, 0.0)	(190, 0.0)	(195, 1.0)	(200, 0.0)	(205, 1.0)	(210, 0.0)	(215, 1.0)	(220, 0.0)	(225, 1.0)	(230, 0.0)	(235, 0.0)	(240, 0.0)	(245, 0.0)	(250, 55.0)	(255, 135414.0)					
SRR3667032_1	(70, 1.0)	(75, 0.0)	(80, 0.0)	(85, 0.0)	(90, 0.0)	(95, 0.0)	(100, 0.0)	(105, 0.0)	(110, 1.0)	(115, 0.0)	(120, 0.0)	(125, 1.0)	(130, 2.0)	(135, 4.0)	(140, 3.0)	(145, 0.0)	(150, 3.0)	(155, 1.0)	(160, 2.0)	(165, 2.0)	(170, 4.0)	(175, 0.0)	(180, 2.0)	(185, 2.0)	(190, 0.0)	(195, 3.0)	(200, 2.0)	(205, 2.0)	(210, 2.0)	(215, 2.0)	(220, 3.0)	(225, 4.0)	(230, 3.0)	(235, 6.0)	(240, 6.0)	(245, 17261.0)	(250, 201895.0)													
SRR3667032_2	(55, 1.0)	(60, 0.0)	(65, 0.0)	(70, 1.0)	(75, 0.0)	(80, 0.0)	(85, 0.0)	(90, 0.0)	(95, 0.0)	(100, 0.0)	(105, 0.0)	(110, 1.0)	(115, 0.0)	(120, 0.0)	(125, 0.0)	(130, 1.0)	(135, 3.0)	(140, 2.0)	(145, 0.0)	(150, 1.0)	(155, 0.0)	(160, 0.0)	(165, 0.0)	(170, 3.0)	(175, 0.0)	(180, 1.0)	(185, 1.0)	(190, 1.0)	(195, 0.0)	(200, 0.0)	(205, 1.0)	(210, 1.0)	(215, 2.0)	(220, 1.0)	(225, 2.0)	(230, 2.0)	(235, 4.0)	(240, 2.0)	(245, 1058.0)	(250, 218128.0)										
SRR3667033_1	(35, 2.0)	(40, 17.0)	(45, 2.0)	(50, 1.0)	(55, 1.0)	(60, 0.0)	(65, 0.0)	(70, 0.0)	(75, 0.0)	(80, 0.0)	(85, 2.0)	(90, 0.0)	(95, 11.0)	(100, 0.0)	(105, 0.0)	(110, 0.0)	(115, 0.0)	(120, 0.0)	(125, 0.0)	(130, 0.0)	(135, 1.0)	(140, 0.0)	(145, 0.0)	(150, 0.0)	(155, 0.0)	(160, 0.0)	(165, 0.0)	(170, 1.0)	(175, 0.0)	(180, 0.0)	(185, 0.0)	(190, 1.0)	(195, 0.0)	(200, 0.0)	(205, 1.0)	(210, 0.0)	(215, 0.0)	(220, 0.0)	(225, 2.0)	(230, 0.0)	(235, 0.0)	(240, 1.0)	(245, 1.0)	(250, 33869.0)	(255, 51965.0)					
SRR3667033_2	(35, 2.0)	(40, 17.0)	(45, 2.0)	(50, 1.0)	(55, 0.0)	(60, 0.0)	(65, 0.0)	(70, 0.0)	(75, 0.0)	(80, 0.0)	(85, 2.0)	(90, 0.0)	(95, 11.0)	(100, 0.0)	(105, 0.0)	(110, 0.0)	(115, 0.0)	(120, 0.0)	(125, 0.0)	(130, 0.0)	(135, 1.0)	(140, 0.0)	(145, 0.0)	(150, 0.0)	(155, 0.0)	(160, 0.0)	(165, 1.0)	(170, 1.0)	(175, 0.0)	(180, 0.0)	(185, 0.0)	(190, 1.0)	(195, 0.0)	(200, 0.0)	(205, 1.0)	(210, 0.0)	(215, 0.0)	(220, 0.0)	(225, 2.0)	(230, 0.0)	(235, 0.0)	(240, 1.0)	(245, 1.0)	(250, 48.0)	(255, 85786.0)					
SRR3667034_1	(35, 9.0)	(40, 7.0)	(45, 5.0)	(50, 6.0)	(55, 5.0)	(60, 0.0)	(65, 0.0)	(70, 1.0)	(75, 0.0)	(80, 8.0)	(85, 2.0)	(90, 2.0)	(95, 35.0)	(100, 1.0)	(105, 2.0)	(110, 0.0)	(115, 0.0)	(120, 0.0)	(125, 2.0)	(130, 0.0)	(135, 2.0)	(140, 2.0)	(145, 1.0)	(150, 4.0)	(155, 6.0)	(160, 2.0)	(165, 4.0)	(170, 5.0)	(175, 10.0)	(180, 8.0)	(185, 9.0)	(190, 9.0)	(195, 19.0)	(200, 30.0)	(205, 20.0)	(210, 28.0)	(215, 41.0)	(220, 40.0)	(225, 43.0)	(230, 53.0)	(235, 56.0)	(240, 57.0)	(245, 60.0)	(250, 34696.0)	(255, 66136.0)					
SRR3667034_2	(35, 6.0)	(40, 6.0)	(45, 5.0)	(50, 6.0)	(55, 5.0)	(60, 0.0)	(65, 0.0)	(70, 1.0)	(75, 0.0)	(80, 8.0)	(85, 2.0)	(90, 2.0)	(95, 35.0)	(100, 1.0)	(105, 1.0)	(110, 0.0)	(115, 0.0)	(120, 0.0)	(125, 2.0)	(130, 0.0)	(135, 2.0)	(140, 2.0)	(145, 1.0)	(150, 4.0)	(155, 6.0)	(160, 3.0)	(165, 4.0)	(170, 6.0)	(175, 10.0)	(180, 8.0)	(185, 11.0)	(190, 10.0)	(195, 19.0)	(200, 25.0)	(205, 21.0)	(210, 26.0)	(215, 37.0)	(220, 39.0)	(225, 37.0)	(230, 49.0)	(235, 47.0)	(240, 52.0)	(245, 57.0)	(250, 309.0)	(255, 100561.0)					
SRR3667035_1	(45, 1.0)	(50, 1.0)	(55, 0.0)	(60, 0.0)	(65, 0.0)	(70, 0.0)	(75, 0.0)	(80, 0.0)	(85, 2.0)	(90, 1.0)	(95, 1.0)	(100, 0.0)	(105, 1.0)	(110, 0.0)	(115, 1.0)	(120, 0.0)	(125, 0.0)	(130, 0.0)	(135, 0.0)	(140, 0.0)	(145, 0.0)	(150, 0.0)	(155, 0.0)	(160, 0.0)	(165, 0.0)	(170, 3.0)	(175, 0.0)	(180, 0.0)	(185, 1.0)	(190, 4.0)	(195, 0.0)	(200, 3.0)	(205, 2.0)	(210, 0.0)	(215, 1.0)	(220, 3.0)	(225, 3.0)	(230, 1.0)	(235, 3.0)	(240, 2.0)	(245, 2.0)	(250, 11364.0)	(255, 77053.0)							
SRR3667035_2	(45, 1.0)	(50, 1.0)	(55, 0.0)	(60, 0.0)	(65, 0.0)	(70, 0.0)	(75, 0.0)	(80, 0.0)	(85, 2.0)	(90, 1.0)	(95, 1.0)	(100, 0.0)	(105, 1.0)	(110, 0.0)	(115, 1.0)	(120, 0.0)	(125, 0.0)	(130, 0.0)	(135, 0.0)	(140, 1.0)	(145, 0.0)	(150, 0.0)	(155, 0.0)	(160, 0.0)	(165, 0.0)	(170, 4.0)	(175, 0.0)	(180, 0.0)	(185, 1.0)	(190, 4.0)	(195, 0.0)	(200, 3.0)	(205, 1.0)	(210, 0.0)	(215, 3.0)	(220, 3.0)	(225, 2.0)	(230, 1.0)	(235, 3.0)	(240, 2.0)	(245, 2.0)	(250, 66.0)	(255, 88349.0)							
SRR3667036_1	(40, 1.0)	(45, 2.0)	(50, 3.0)	(55, 2.0)	(60, 0.0)	(65, 0.0)	(70, 0.0)	(75, 0.0)	(80, 7.0)	(85, 0.0)	(90, 1.0)	(95, 0.0)	(100, 0.0)	(105, 0.0)	(110, 0.0)	(115, 0.0)	(120, 0.0)	(125, 0.0)	(130, 0.0)	(135, 0.0)	(140, 1.0)	(145, 0.0)	(150, 0.0)	(155, 0.0)	(160, 0.0)	(165, 0.0)	(170, 0.0)	(175, 0.0)	(180, 0.0)	(185, 0.0)	(190, 0.0)	(195, 0.0)	(200, 0.0)	(205, 0.0)	(210, 1.0)	(215, 0.0)	(220, 0.0)	(225, 0.0)	(230, 1.0)	(235, 1.0)	(240, 1.0)	(245, 0.0)	(250, 51754.0)	(255, 91537.0)						
SRR3667036_2	(40, 1.0)	(45, 2.0)	(50, 3.0)	(55, 2.0)	(60, 0.0)	(65, 0.0)	(70, 0.0)	(75, 0.0)	(80, 7.0)	(85, 0.0)	(90, 0.0)	(95, 0.0)	(100, 0.0)	(105, 0.0)	(110, 0.0)	(115, 0.0)	(120, 0.0)	(125, 0.0)	(130, 0.0)	(135, 0.0)	(140, 1.0)	(145, 0.0)	(150, 0.0)	(155, 0.0)	(160, 0.0)	(165, 0.0)	(170, 0.0)	(175, 0.0)	(180, 0.0)	(185, 0.0)	(190, 0.0)	(195, 0.0)	(200, 0.0)	(205, 1.0)	(210, 0.0)	(215, 0.0)	(220, 0.0)	(225, 0.0)	(230, 1.0)	(235, 1.0)	(240, 1.0)	(245, 0.0)	(250, 144.0)	(255, 143148.0)						
SRR3667037_1	(45, 1.0)	(50, 0.0)	(55, 0.0)	(60, 1.0)	(65, 0.0)	(70, 0.0)	(75, 1.0)	(80, 0.0)	(85, 0.0)	(90, 0.0)	(95, 0.0)	(100, 0.0)	(105, 1.0)	(110, 0.0)	(115, 0.0)	(120, 1.0)	(125, 0.0)	(130, 0.0)	(135, 0.0)	(140, 1.0)	(145, 0.0)	(150, 0.0)	(155, 0.0)	(160, 0.0)	(165, 0.0)	(170, 0.0)	(175, 0.0)	(180, 1.0)	(185, 0.0)	(190, 0.0)	(195, 0.0)	(200, 0.0)	(205, 0.0)	(210, 0.0)	(215, 1.0)	(220, 1.0)	(225, 1.0)	(230, 0.0)	(235, 0.0)	(240, 1.0)	(245, 4735.0)	(250, 112646.0)	(255, 22198.0)							
SRR3667037_2	(45, 1.0)	(50, 0.0)	(55, 0.0)	(60, 1.0)	(65, 0.0)	(70, 1.0)	(75, 1.0)	(80, 0.0)	(85, 0.0)	(90, 0.0)	(95, 0.0)	(100, 0.0)	(105, 1.0)	(110, 0.0)	(115, 0.0)	(120, 1.0)	(125, 0.0)	(130, 0.0)	(135, 0.0)	(140, 1.0)	(145, 0.0)	(150, 0.0)	(155, 0.0)	(160, 0.0)	(165, 0.0)	(170, 0.0)	(175, 0.0)	(180, 0.0)	(185, 0.0)	(190, 0.0)	(195, 0.0)	(200, 0.0)	(205, 0.0)	(210, 0.0)	(215, 1.0)	(220, 1.0)	(225, 1.0)	(230, 0.0)	(235, 0.0)	(240, 0.0)	(245, 430.0)	(250, 63788.0)	(255, 75362.0)							
SRR3667038_1	(115, 1.0)	(120, 0.0)	(125, 0.0)	(130, 0.0)	(135, 0.0)	(140, 0.0)	(145, 1.0)	(150, 0.0)	(155, 2.0)	(160, 1.0)	(165, 1.0)	(170, 0.0)	(175, 0.0)	(180, 0.0)	(185, 0.0)	(190, 0.0)	(195, 1.0)	(200, 0.0)	(205, 0.0)	(210, 0.0)	(215, 0.0)	(220, 0.0)	(225, 0.0)	(230, 0.0)	(235, 0.0)	(240, 0.0)	(245, 16018.0)	(250, 82953.0)	(255, 43658.0)																					
SRR3667038_2	(115, 1.0)	(120, 0.0)	(125, 0.0)	(130, 0.0)	(135, 0.0)	(140, 0.0)	(145, 1.0)	(150, 0.0)	(155, 2.0)	(160, 1.0)	(165, 1.0)	(170, 1.0)	(175, 0.0)	(180, 0.0)	(185, 0.0)	(190, 0.0)	(195, 1.0)	(200, 0.0)	(205, 0.0)	(210, 0.0)	(215, 0.0)	(220, 0.0)	(225, 0.0)	(230, 0.0)	(235, 0.0)	(240, 0.0)	(245, 142.0)	(250, 81528.0)	(255, 60958.0)																					
SRR3667039_1	(40, 1.0)	(45, 5.0)	(50, 0.0)	(55, 1.0)	(60, 0.0)	(65, 0.0)	(70, 0.0)	(75, 0.0)	(80, 0.0)	(85, 0.0)	(90, 0.0)	(95, 0.0)	(100, 1.0)	(105, 7.0)	(110, 0.0)	(115, 0.0)	(120, 0.0)	(125, 0.0)	(130, 1.0)	(135, 0.0)	(140, 0.0)	(145, 1.0)	(150, 1.0)	(155, 0.0)	(160, 0.0)	(165, 0.0)	(170, 0.0)	(175, 0.0)	(180, 0.0)	(185, 0.0)	(190, 6.0)	(195, 0.0)	(200, 1.0)	(205, 0.0)	(210, 0.0)	(215, 0.0)	(220, 0.0)	(225, 0.0)	(230, 0.0)	(235, 0.0)	(240, 1.0)	(245, 0.0)	(250, 44265.0)	(255, 43739.0)						
SRR3667039_2	(40, 1.0)	(45, 5.0)	(50, 0.0)	(55, 1.0)	(60, 0.0)	(65, 0.0)	(70, 0.0)	(75, 0.0)	(80, 0.0)	(85, 0.0)	(90, 0.0)	(95, 0.0)	(100, 1.0)	(105, 7.0)	(110, 0.0)	(115, 0.0)	(120, 0.0)	(125, 0.0)	(130, 1.0)	(135, 0.0)	(140, 0.0)	(145, 0.0)	(150, 1.0)	(155, 0.0)	(160, 0.0)	(165, 0.0)	(170, 0.0)	(175, 0.0)	(180, 0.0)	(185, 0.0)	(190, 6.0)	(195, 0.0)	(200, 0.0)	(205, 0.0)	(210, 0.0)	(215, 0.0)	(220, 0.0)	(225, 0.0)	(230, 0.0)	(235, 1.0)	(240, 1.0)	(245, 1.0)	(250, 64.0)	(255, 87940.0)						
SRR3667040_1	(65, 1.0)	(70, 0.0)	(75, 0.0)	(80, 0.0)	(85, 0.0)	(90, 0.0)	(95, 0.0)	(100, 0.0)	(105, 0.0)	(110, 0.0)	(115, 0.0)	(120, 2.0)	(125, 0.0)	(130, 2.0)	(135, 2.0)	(140, 1.0)	(145, 2.0)	(150, 4.0)	(155, 4.0)	(160, 4.0)	(165, 1.0)	(170, 3.0)	(175, 2.0)	(180, 4.0)	(185, 5.0)	(190, 1.0)	(195, 2.0)	(200, 5.0)	(205, 6.0)	(210, 3.0)	(215, 5.0)	(220, 2.0)	(225, 2.0)	(230, 1.0)	(235, 1.0)	(240, 10.0)	(245, 17070.0)	(250, 181030.0)												
SRR3667040_2	(65, 1.0)	(70, 0.0)	(75, 0.0)	(80, 0.0)	(85, 0.0)	(90, 0.0)	(95, 1.0)	(100, 0.0)	(105, 0.0)	(110, 0.0)	(115, 2.0)	(120, 3.0)	(125, 1.0)	(130, 1.0)	(135, 0.0)	(140, 2.0)	(145, 3.0)	(150, 2.0)	(155, 4.0)	(160, 2.0)	(165, 0.0)	(170, 1.0)	(175, 0.0)	(180, 2.0)	(185, 0.0)	(190, 2.0)	(195, 1.0)	(200, 0.0)	(205, 5.0)	(210, 1.0)	(215, 2.0)	(220, 0.0)	(225, 0.0)	(230, 0.0)	(235, 1.0)	(240, 3.0)	(245, 1069.0)	(250, 197066.0)												
SRR3667041_1	(55, 1.0)	(60, 0.0)	(65, 0.0)	(70, 1.0)	(75, 1.0)	(80, 0.0)	(85, 0.0)	(90, 0.0)	(95, 0.0)	(100, 0.0)	(105, 0.0)	(110, 1.0)	(115, 1.0)	(120, 0.0)	(125, 0.0)	(130, 0.0)	(135, 0.0)	(140, 0.0)	(145, 0.0)	(150, 0.0)	(155, 0.0)	(160, 0.0)	(165, 0.0)	(170, 0.0)	(175, 1.0)	(180, 0.0)	(185, 0.0)	(190, 0.0)	(195, 0.0)	(200, 0.0)	(205, 0.0)	(210, 0.0)	(215, 0.0)	(220, 1.0)	(225, 1.0)	(230, 0.0)	(235, 0.0)	(240, 0.0)	(245, 0.0)	(250, 0.0)	(255, 0.0)	(260, 0.0)	(265, 0.0)	(270, 0.0)	(275, 0.0)	(280, 1.0)	(285, 6.0)	(290, 0.0)	(295, 3843.0)	(300, 215945.0)
SRR3667041_2	(55, 1.0)	(60, 0.0)	(65, 0.0)	(70, 1.0)	(75, 1.0)	(80, 0.0)	(85, 1.0)	(90, 0.0)	(95, 0.0)	(100, 0.0)	(105, 0.0)	(110, 1.0)	(115, 1.0)	(120, 0.0)	(125, 0.0)	(130, 0.0)	(135, 0.0)	(140, 0.0)	(145, 0.0)	(150, 0.0)	(155, 0.0)	(160, 0.0)	(165, 0.0)	(170, 0.0)	(175, 1.0)	(180, 0.0)	(185, 1.0)	(190, 0.0)	(195, 0.0)	(200, 0.0)	(205, 0.0)	(210, 0.0)	(215, 0.0)	(220, 0.0)	(225, 0.0)	(230, 0.0)	(235, 0.0)	(240, 0.0)	(245, 0.0)	(250, 0.0)	(255, 0.0)	(260, 0.0)	(265, 0.0)	(270, 0.0)	(275, 0.0)	(280, 1.0)	(285, 0.0)	(290, 2.0)	(295, 24177.0)	(300, 195615.0)
SRR3667042_1	(45, 1.0)	(50, 1.0)	(55, 1.0)	(60, 0.0)	(65, 0.0)	(70, 1.0)	(75, 0.0)	(80, 0.0)	(85, 0.0)	(90, 0.0)	(95, 0.0)	(100, 0.0)	(105, 0.0)	(110, 0.0)	(115, 0.0)	(120, 0.0)	(125, 0.0)	(130, 1.0)	(135, 1.0)	(140, 0.0)	(145, 0.0)	(150, 1.0)	(155, 0.0)	(160, 0.0)	(165, 0.0)	(170, 1.0)	(175, 1.0)	(180, 3.0)	(185, 0.0)	(190, 2.0)	(195, 2.0)	(200, 1.0)	(205, 1.0)	(210, 2.0)	(215, 1.0)	(220, 1.0)	(225, 0.0)	(230, 1.0)	(235, 0.0)	(240, 1.0)	(245, 17436.0)	(250, 234162.0)								
SRR3667042_2	(45, 1.0)	(50, 0.0)	(55, 1.0)	(60, 0.0)	(65, 0.0)	(70, 1.0)	(75, 0.0)	(80, 0.0)	(85, 0.0)	(90, 0.0)	(95, 0.0)	(100, 0.0)	(105, 0.0)	(110, 2.0)	(115, 0.0)	(120, 0.0)	(125, 0.0)	(130, 1.0)	(135, 1.0)	(140, 0.0)	(145, 0.0)	(150, 0.0)	(155, 0.0)	(160, 0.0)	(165, 0.0)	(170, 0.0)	(175, 0.0)	(180, 2.0)	(185, 0.0)	(190, 2.0)	(195, 1.0)	(200, 0.0)	(205, 1.0)	(210, 2.0)	(215, 1.0)	(220, 0.0)	(225, 0.0)	(230, 1.0)	(235, 0.0)	(240, 1.0)	(245, 728.0)	(250, 250876.0)								
SRR3667043_1	(35, 52.0)	(40, 10.0)	(45, 7.0)	(50, 15.0)	(55, 11.0)	(60, 8.0)	(65, 12.0)	(70, 13.0)	(75, 12.0)	(80, 17.0)	(85, 16.0)	(90, 25.0)	(95, 23.0)	(100, 18.0)	(105, 17.0)	(110, 24.0)	(115, 29.0)	(120, 31.0)	(125, 33.0)	(130, 36.0)	(135, 45.0)	(140, 58.0)	(145, 45.0)	(150, 52.0)	(155, 63.0)	(160, 47.0)	(165, 53.0)	(170, 53.0)	(175, 70.0)	(180, 60.0)	(185, 53.0)	(190, 66.0)	(195, 58.0)	(200, 57.0)	(205, 61.0)	(210, 57.0)	(215, 51.0)	(220, 48.0)	(225, 43.0)	(230, 45.0)	(235, 47.0)	(240, 52.0)	(245, 40.0)	(250, 33393.0)	(255, 61796.0)					
SRR3667043_2	(35, 35.0)	(40, 10.0)	(45, 9.0)	(50, 13.0)	(55, 11.0)	(60, 8.0)	(65, 11.0)	(70, 13.0)	(75, 10.0)	(80, 17.0)	(85, 16.0)	(90, 23.0)	(95, 24.0)	(100, 18.0)	(105, 18.0)	(110, 23.0)	(115, 26.0)	(120, 27.0)	(125, 36.0)	(130, 31.0)	(135, 40.0)	(140, 53.0)	(145, 41.0)	(150, 45.0)	(155, 58.0)	(160, 42.0)	(165, 45.0)	(170, 47.0)	(175, 55.0)	(180, 57.0)	(185, 48.0)	(190, 54.0)	(195, 49.0)	(200, 54.0)	(205, 43.0)	(210, 49.0)	(215, 40.0)	(220, 41.0)	(225, 36.0)	(230, 37.0)	(235, 40.0)	(240, 43.0)	(245, 36.0)	(250, 206.0)	(255, 95184.0)					
SRR3667044_1	(35, 2.0)	(40, 1.0)	(45, 0.0)	(50, 0.0)	(55, 8.0)	(60, 0.0)	(65, 0.0)	(70, 0.0)	(75, 0.0)	(80, 0.0)	(85, 0.0)	(90, 0.0)	(95, 0.0)	(100, 2.0)	(105, 0.0)	(110, 0.0)	(115, 1.0)	(120, 0.0)	(125, 1.0)	(130, 0.0)	(135, 0.0)	(140, 1.0)	(145, 0.0)	(150, 0.0)	(155, 0.0)	(160, 0.0)	(165, 1.0)	(170, 0.0)	(175, 0.0)	(180, 1.0)	(185, 1.0)	(190, 24.0)	(195, 1.0)	(200, 0.0)	(205, 1.0)	(210, 0.0)	(215, 1.0)	(220, 0.0)	(225, 1.0)	(230, 1.0)	(235, 2.0)	(240, 0.0)	(245, 1086.0)	(250, 87802.0)	(255, 55216.0)					
SRR3667044_2	(40, 1.0)	(45, 0.0)	(50, 0.0)	(55, 7.0)	(60, 0.0)	(65, 0.0)	(70, 0.0)	(75, 0.0)	(80, 0.0)	(85, 0.0)	(90, 0.0)	(95, 0.0)	(100, 2.0)	(105, 0.0)	(110, 0.0)	(115, 1.0)	(120, 0.0)	(125, 1.0)	(130, 0.0)	(135, 0.0)	(140, 1.0)	(145, 0.0)	(150, 0.0)	(155, 0.0)	(160, 0.0)	(165, 1.0)	(170, 0.0)	(175, 0.0)	(180, 1.0)	(185, 1.0)	(190, 22.0)	(195, 1.0)	(200, 0.0)	(205, 1.0)	(210, 0.0)	(215, 1.0)	(220, 0.0)	(225, 1.0)	(230, 2.0)	(235, 2.0)	(240, 0.0)	(245, 223.0)	(250, 70869.0)	(255, 73016.0)						
SRR3667045_1	(35, 3.0)	(40, 0.0)	(45, 0.0)	(50, 0.0)	(55, 0.0)	(60, 0.0)	(65, 1.0)	(70, 3.0)	(75, 3.0)	(80, 0.0)	(85, 0.0)	(90, 0.0)	(95, 1.0)	(100, 0.0)	(105, 0.0)	(110, 0.0)	(115, 0.0)	(120, 0.0)	(125, 0.0)	(130, 0.0)	(135, 0.0)	(140, 0.0)	(145, 0.0)	(150, 0.0)	(155, 3.0)	(160, 2.0)	(165, 1.0)	(170, 3.0)	(175, 2.0)	(180, 0.0)	(185, 0.0)	(190, 6.0)	(195, 1.0)	(200, 0.0)	(205, 0.0)	(210, 0.0)	(215, 4.0)	(220, 0.0)	(225, 0.0)	(230, 0.0)	(235, 0.0)	(240, 0.0)	(245, 0.0)	(250, 71116.0)	(255, 165070.0)					
SRR3667045_2	(35, 3.0)	(40, 0.0)	(45, 0.0)	(50, 0.0)	(55, 0.0)	(60, 0.0)	(65, 1.0)	(70, 3.0)	(75, 2.0)	(80, 0.0)	(85, 0.0)	(90, 0.0)	(95, 1.0)	(100, 0.0)	(105, 0.0)	(110, 0.0)	(115, 0.0)	(120, 0.0)	(125, 0.0)	(130, 0.0)	(135, 0.0)	(140, 0.0)	(145, 0.0)	(150, 0.0)	(155, 0.0)	(160, 2.0)	(165, 1.0)	(170, 3.0)	(175, 2.0)	(180, 0.0)	(185, 0.0)	(190, 5.0)	(195, 1.0)	(200, 0.0)	(205, 1.0)	(210, 0.0)	(215, 4.0)	(220, 0.0)	(225, 0.0)	(230, 0.0)	(235, 0.0)	(240, 0.0)	(245, 0.0)	(250, 112.0)	(255, 236078.0)					
